trafficID,crashID,postedSpeedLimit,trafficControlDevice,deviceCondition
1,2395bae1583fd5a57b5574f278ac4523e64b200f1c7c62f05c2ffbaea577ab597002a4e77ac75f584dcee31af19b8631acdd179bd1deefc9ae1cccc97075c4de,30,NO CONTROLS,NO CONTROLS
2,f0f4b7bc76f760e7eb1dc3ba90dd6c1669aaf6327014b91f094c9de04840dcb004285ef3c2edf235a488ba29d02e2ba05ce87ccf53bb1e5115764b5599e1a7ca,30,NO CONTROLS,NO CONTROLS
3,10717787bc313fa9496173dad1abeb980fadd967d17d0106cea2ceb17276b01c5c737fe42ec60614e7acc4333d8914a94ccec4dcfc572dd7802ef6fda1755d5f,30,NO CONTROLS,NO CONTROLS
4,3507f291f30d2c6f9b9088b39fc536a031b896162f3c421ce15c0b89f767cd4581c3b099575c84f57c0d61df82e69d48fb116891264986ee22c860cb796ea3ac,25,NO CONTROLS,NO CONTROLS
5,85b700da4b200d8f041e90c517f58252094e10f968407fbb4988ff605357e5741c03fddffb649e7f79340185e08a43a320f316d1c05b3e60958abfe3e11d074f,30,TRAFFIC SIGNAL,FUNCTIONING PROPERLY
6,f4c70504e4f2c8520079a6f5e5052f52f762485f72bbfbe735470ddbdab036ab9528f533606a1c640c5651d78700637583788774c4daeb213575aa54f4310e40,30,TRAFFIC SIGNAL,FUNCTIONING PROPERLY
7,973acb18b4a22978cd99f05583ad57f05ce1ea9fda4420310916597eaee44be658e41f7d52536fdf0cfd04e2303b401e84e74e4434a0e2bdd4b1c721f07c06e4,30,NO CONTROLS,NO CONTROLS
8,59636a3f7b4a960ad8b2a92120c55c87e64eabcf9ad7a2f5588655ded4a49901544521fbfda7d30dcaec396af4f1522214565536721e19c77fc3e881e41731f2,30,NO CONTROLS,NO CONTROLS
9,3602c78f38a5fbf5d84acd0aa70ca6e095c832617c734fb98b31e9b1bf389bb2fa64d15ac42f3def97f32137f71d9931b1ca97edb0a2a90476ab7389928cc4c3,30,UNKNOWN,UNKNOWN
10,23d7ef8e272b1bd1a602425f60ef1a9cde1006993ba224fe5f20a3a57bba46a822e0107fa15265a2f77f0034b72cf7ff91b5a6be4c19c018cae6316806ce7ab6,30,NO CONTROLS,NO CONTROLS
11,2ae6fdc87e98faaa92a4ebfaebfd5bfe44b4db84259bc7020fa7a4dca8a3b3f9686481231c552d19f4007f24edb2090157d0eaf36596391e303dde4eae771e58,30,NO CONTROLS,NO CONTROLS
12,c85be6697be89a02f269bc2f843b44232c4139ef5936cb5ff18fcd431277e55cb2f6d52e5e0468927a1645d0a18364016857b83926ff83e678d2867a7ee15c61,30,NO CONTROLS,NO CONTROLS
13,52c721ba6f6d0a7334ce84ba7bade5f6354408ebac39d8bb43bb5dd120072c0121d3ea876544652da209e221a69c8656b08044d9118d18cdf3e7b6388c4505e4,30,UNKNOWN,UNKNOWN
14,71d1e248c1d1a783629cf41f50dcf990cd9c4743602aae5050486560ec67fbaa36d33c9b74bdbc460c79efd6e6acf45c457be75f89c23d601a5a81306076b86a,30,NO CONTROLS,NO CONTROLS
15,3c56c4f4b6980a59fe79b19a0921e8ca7e4864dad16871cea3c70a3b4e9657332d72bac9f22b97e96b04f36ab554b402216b6253a4f415bf05a6e550633cf44f,30,UNKNOWN,UNKNOWN
16,cfce75b18e584dc1c554cfd4362b7906ff65cb5812986b2af48e2186148b6d1726e129c73c5b904595e7571ad55ec8be58624f1a776b9b7f72489428f5841f00,10,NO CONTROLS,NO CONTROLS
17,b8a331abbc782f833cb6230db8710f8207c6c204b0cc16af80a43ac073c630c047a55351ca7d72d06fc9dbca526319ac32442ede3d1f361924797f0bd6afdf9a,30,NO CONTROLS,NO CONTROLS
18,7330922234545667f5d05879c9d56532b8ebc77c967993765223a52816252d94692cdf0f0386f47309443159ae26aade753b3c1fea153b8135d8f9b869883e0c,30,NO CONTROLS,NO CONTROLS
19,1633bf089d975566d2c9662d6abaf9fde97614d07d2caf9c2c181d8434a80e6edac1241047e476867996f4a7a2f9df9a60e88358d80b9314d57e80440b31a33c,30,NO CONTROLS,NO CONTROLS
20,ac70cefed31a3eec0b19f56efc15b19bf3f2d973a7397362432dea57ba72e017e0afa2f0992bfcbbc98e0fa95b7442c9bdf273e98f23ec5a696aa1123814464c,30,NO CONTROLS,NO CONTROLS
21,e611dae1a7bf50740f36ce30d224b9d0a5758ae58c07cd0c0e0d981c3c34c6eb9038b17afb97f5536c83d95000ba35fb4866ff79629ea5c47734ad6e57144638,30,TRAFFIC SIGNAL,FUNCTIONING PROPERLY
22,111d4611cfbdc84ca24037cf53a607de93d151a6c560bb1f9644bfa55935bdccc6a8b27913f739fc2a13c5499e56d8f3d977c4374a93afc0642a12af51ac3877,30,STOP SIGN/FLASHER,FUNCTIONING PROPERLY
23,adad07676bc3577155b18b62236d3b83f30965e74c8bcfd45b66fccefa013d15d853c04c8ed32db50680ebddb1404d869ee96f1efaf2d7d00762579f3c096201,30,NO CONTROLS,NO CONTROLS
24,cd5a65bce5753c3280943148bd919d7ee584ad7b0c6c2e1a532ef2056cccb9addfdf62abe94945601fe7991da8c24d45ac1f6838096a7fc1afb944f847462d2d,45,TRAFFIC SIGNAL,FUNCTIONING PROPERLY
25,7c5cf6b1b73749e9e9205ef3830b66630cda4457186a598d00c184cd433c1985ea64d67494c7c28bf156b476cf24d19406ff1146057a1f9d951c661503fefd7b,30,TRAFFIC SIGNAL,FUNCTIONING PROPERLY
26,f5a348aada60c7026586d4f17e7a282a65e4e755cc450312275c0eaee92823d9e13c8fe34bdd66dd54955f228b1d5a04255597c7fa2d67508466e5451e646120,30,NO CONTROLS,NO CONTROLS
27,6dd17c85e17ff8004207d788646c78da9f3224211831c6a34086ea16b7a6f718c0a67f7487cb4e4d00cdd62f487f0235b4d25400be6bc704533f859a4968bf93,20,NO CONTROLS,NO CONTROLS
28,242e0c05662f9ec1f0507eca9c2c22a15ecbc75c272626cc68dbe8f31d922e4694fb6b259efae4b7845803b66b88e760447e5fc1797fe4232a79b25c1bfda18f,30,TRAFFIC SIGNAL,FUNCTIONING PROPERLY
29,f0af6e8620e782941993e2cf4b133699df32da61a2b46de1206de9cf80f783a08657c21807fd3b67987a634196ee8c352c84ed563e55cc0e89ed5ab48e12fe6a,30,NO CONTROLS,NO CONTROLS
30,1e98124971c2152c5ec9ef11f13aaa9bda5523d31abe20b448ac9a75089a04b812655b73f77404d21e328679a102773a670554fb3668e7f52cddba682e4d2dab,35,NO CONTROLS,NO CONTROLS
31,eff0e766acf1e05cce6d919baefbca7688237c2b0b2639267877b5dd5372f6114b359876719cedee10e34aaeb3528aa0ef30ee4ac581285e872fe3d229db8659,30,STOP SIGN/FLASHER,FUNCTIONING PROPERLY
32,5491faad00ae7be8bdf95dcc90cc450840ac199f73d5cc08a677284d23bbb3865496f6d6e4428b579a453b48ba4ef07f7e4c8ffb8ac28deeb25171c6bee37cf2,50,NO CONTROLS,NO CONTROLS
33,c91efa98d640d59f3d4e5054b78df0eb02761bef715f92ddfccc830eb6778a7fef1b70e85b1d0d5ba1d153554bbcb4e437f29fa047b2693b81df630b9f3e2439,30,NO CONTROLS,NO CONTROLS
34,10c88f80ed3e9f6cebb1dddab3450f888e487c4dd2b18fded6d795bc182829236a36267d14b5b58720fcd7cd777f112e15d0902b27026544bf91baa56c5520da,40,NO CONTROLS,NO CONTROLS
35,473683cf566aa84751f9f960ac7c38fc6a0b5235d913d2fb5e419a1dd7eb5402caf8731a0514c08daf61fe18c84c7740a3e9a486e54779f94a286f4540b152fb,30,TRAFFIC SIGNAL,FUNCTIONING PROPERLY
36,8c283a6d660e211e90cf8c7f19e325997f4b698c6107d30c4b06f5aa64fc1f0711a0968c3eb0989d0c2ab5eb706868459eb20b4dd059a0b83650d6216d870a65,15,NO CONTROLS,NO CONTROLS
37,54118a77b7cb57c8bc684994b96ad2d5b08d8f6e0de58589b51edb7f1a08f42120d7216bf3adc85baf10e0ccf42ca1ed6f65c28bf1879e0eb933664908614435,30,NO CONTROLS,NO CONTROLS
38,20ad97fd23c223d5731f219e2607d94f86c43ad946f01e0dbfc9a4ab2b709f555aa1806ed91e855608e3cc1b0d124a7bfe79140cadf181b768a29d652de159a5,25,NO CONTROLS,NO CONTROLS
39,6ad5c506ec09d362d5160ada6586f591ce2cb564a774453d4140f2ec85006d486dc575c8208f47e327bc814dab14aa6d87c32a85c05f4ec872d8b77eb7690c65,30,NO CONTROLS,NO CONTROLS
40,b37bdaf8721d4a1d17063596d75ba5ea85ccae5ed01f017eff552654c8a33395d04053e7c58e5e4fa39684378f4a51acb172620323df9ea74723b4de245e7429,30,STOP SIGN/FLASHER,FUNCTIONING PROPERLY
41,dcaa1135f913ed94e6b414aba96d44a73cb37a86571de152578b82aa1ba649480cf8b84d756b13f12f4608723e0412bc2bd87762d6ebe78f1a2a609be9567179,30,TRAFFIC SIGNAL,FUNCTIONING PROPERLY
42,66802c5af1da8936f38c2bd36963b38e24c5fcb34bdc30f7c8aa396b0b5c2717b06fd035ad00510d365c01253fb0a2238c4d253480848c044454258c3004ef9b,30,TRAFFIC SIGNAL,FUNCTIONING PROPERLY
43,8af136b1ff2154c6a41578d8c95c4c9a6ea1c550c89143fc47829acf5ab5109d54c5f19caf4f3e1a662c7b3219cc1f0190c40d6859f46bb1c2f7f67b59a25d7c,30,TRAFFIC SIGNAL,FUNCTIONING PROPERLY
44,b30f1640799f305df2b084597d055386b77fc167da424547b28dc0185d061b3da06596544b179035124290f0aed108128a2ffcde7015728657d278224b0b8d10,30,TRAFFIC SIGNAL,FUNCTIONING PROPERLY
45,89606980e651a95f00aa195bd26e1d08b593546dad7f5ad1ef81a4179ccd282be0af19b91677d50cf7d0a810de8214c0f38902d52fc74d930c0437311b84873d,30,TRAFFIC SIGNAL,FUNCTIONING PROPERLY
46,9f4d1a3144160c4874aa799c4f9558312778b3ac781fce0c7cdcf62622221f0ca45048dd5ed766c784d5cc1bfd48f00f715beba406a3a3925c514e94860bcac8,30,TRAFFIC SIGNAL,FUNCTIONING PROPERLY
47,9b0fb9f26a6cac72aeea96f23ceb0f1ae9c457aee5c6d8e5d338b87f65a1d98f62dfc073db39af202ee706c14c85eb4fa615e2f93d3c86c12aa3fd44d927f038,30,TRAFFIC SIGNAL,FUNCTIONING PROPERLY
48,f0e9753e6b3bc4cb7cf4fcdd60a3a6f79de6290829467ed02980cfcf8769c2c33f36e7e7728476dff651141a7e8bddac3cdddd4d012e3ade890761ba3b8c3faf,20,NO CONTROLS,NO CONTROLS
49,668222c751196164a4b75128979cd9a863f8a3f4a25134231383df5eb1716a1a3c530e817c5d44e5502644d4650ce07c0e09a3d37ca9a0823e199b59777b9356,30,OTHER WARNING SIGN,FUNCTIONING PROPERLY
50,733c1441bd8b2bad3d739f9b435fa5f4ba476002f78c68f1d41043d6d457c00a7be1aff2ed64e9601fbc9b256ae5b2c43a316f39f66e506c5f716b0e59247643,25,NO CONTROLS,NO CONTROLS
51,e1cecfb0a6d32fffa873ddd4498d9e254bb85ca9f1cf4e83d8fc91f0fa671a38b8c07c2e493aec697a2ac42998e03edaf7b9f919f564ec3a424f598f21c38659,30,NO CONTROLS,NO CONTROLS
52,ebca84525e034c477a316703a015a0ab31d0ef69d010615646c81530d93b15c3001951d7e8fc302b224b61887f9cc48e1cf8f3c57d84740768a4d4318ddfe14e,30,NO CONTROLS,NO CONTROLS
53,9443e00bdf030a8898d77cdde6330fd07d441508239bc72ec6894d19936441e620d2ec06f156297f179bd2dedce4a914d022a45aaff5ff82f3bb1d55a3c98d16,30,NO CONTROLS,NO CONTROLS
54,024cc7bfaa5ff21edfcc44120ded623bb38860c0557dfe2ceb541beb3af371b4a067de7fc33b2942d335e5446560ae7e47ca8bbcae2c2bc52efd0516f6361173,45,NO CONTROLS,NO CONTROLS
55,f7ee6152518349913f6f8b6ef580767762d6c77a3688b65702361c8d983f12cd4233dd81f3accb31dbb11249ac58eea543c8af0d1840d0ab0bd1aa7b5370a65a,35,TRAFFIC SIGNAL,FUNCTIONING PROPERLY
56,a468507894ff8b17f208dc385628e836df214b4e68a63d80371b1b29d3f7ca5d4ee133e48f80d27c661ecf12eb9e936dd1f077161d38bfcf5b8a8ef2ab108a4e,30,NO CONTROLS,NO CONTROLS
57,dd5ebc4eb2b8bdc763dcde6517e9e45b8de352a70403f9e6bd80b32340d7037055d6c95cbfc4867cbb7d3b9bcd12778145063dec342d921ac46a721eeaf529e1,25,NO CONTROLS,NO CONTROLS
58,3b1603879af60d9aff376eea7baec3738d418d5df783061c490b91b6a898bbc159cc6cde5587fe627ce570feed35b0348f8484d48a817c36b4acc16a6f0770e3,30,TRAFFIC SIGNAL,FUNCTIONING PROPERLY
59,59fe2861bfd5bc4d5dc3f811789e0b5cafb76639267960c61f4263236fe6077cb353b620f5a7cc1719be7fbb5a7c577532d4697c5008e5b8ddb115933e48fab1,30,UNKNOWN,UNKNOWN
60,f1bc53a14a97c308052f140c2207ed14e99930ddfe628e97d3c93319c2fe5bfcc41276287c015b738a6fad7a8e12bca123d7685ca5d3fa5b3067c22815a50090,25,NO CONTROLS,NO CONTROLS
61,bfc1e6859247659321a5354baf06ddeabf54027b73f778d1b0eb34d7761cc84e2929c0f5a0203a1cac3a4f9fee96ebf8bf456aa5d6b67645113690a4cbb83628,15,NO CONTROLS,NO CONTROLS
62,b62d95ac9eed581706f789ab13a8415a878516e596d323cf304f2863c03016d5bfbe0b97a93b2109843e033b07bc73d31fce6bae70eb095091f2e6ba00e11bda,30,NO CONTROLS,NO CONTROLS
63,b86a4544b791ef36ffb85230f3e91baffcdc77e72884d93eb376df3c4a17714aee6178be91343032b18e4145fbb042a22312650e7277acb09c04e4f7aafc0a2f,30,NO CONTROLS,NO CONTROLS
64,3db15d34cd9012d92c9f686f5305de2463ecef5819cd19729ff6251aa330f7355e39fb0bbabf51dd6d798ee7b0396683f39e53e0812957b42f4762fb09a39fb8,30,NO CONTROLS,NO CONTROLS
65,adc5dba8667de47d2779543c5fc040bdafa463b6692ec346644d88d3598cc3a95c3739fb49ff4bfe583741d79d28a4b01b3842db836c61ea2f4c4afdd8fcea1c,30,NO CONTROLS,NO CONTROLS
66,a9128fa85cb698ef449d05117ef7a838c63b45ba6ca2a98afb738c041bb51e2fe7c88d63b8add27d8b1f0781061d039063893173202350389c7143ea7d223f9e,40,NO CONTROLS,NO CONTROLS
67,8992d262529017c44355cc558ef5b0e798a0d69c0de77ce3b99c40f1e29b81c26c77b2ed53837294b2f682bcccb29443de3e996a67b10f93537f880551bdce4f,30,TRAFFIC SIGNAL,UNKNOWN
68,5d84b080dd8f37f7ec4f2c545fcd18f756c25cc356ffdd38543df9543b631c783a481db71fed3ad1f6073570db0d0d9a2a5548d9fca7ff8fb52a35ee8b37732b,30,NO CONTROLS,NO CONTROLS
69,9ec876f0ece2395102d14916720b2d6685d803e89e2c5dfd81ec627e75268edcb87fde666c15f368a6ab792599309096d20b38340b88b7af3b7eddbb31aa47c9,15,NO CONTROLS,NO CONTROLS
70,7405b11fe11eaad2c19d6cc7da5501fd1170c25fd187217943db0809b58dcf1c0df4af2f8dcb16c9bca8dc03d323b09ce9cac922a98c65cc23a1243956c3a488,30,TRAFFIC SIGNAL,FUNCTIONING PROPERLY
71,436e2907a75a2916a900d8a01a7c69a7cedac1bd36ae79aa3b25e66ff9834b3dbece64511cc0c87f6415680c5c635866862d8ac11c7649a84ccca6e4b2beffe2,30,STOP SIGN/FLASHER,FUNCTIONING PROPERLY
72,e09bad04380932ece68423ebdf3dc5bf9dca9c3d9d2d259ec6b0f3414a0b61d1f423f2125c5645bfc00df9d9e110a1941570cb56f3f29246a86ce5516d7c93c9,20,STOP SIGN/FLASHER,FUNCTIONING PROPERLY
73,2cd91f6dfe5b7b249bb37400d72560b664c952850036dd2b282e090425a3ecca410494fc64ba332e405b14efbb0aff312d2f122d0bb7747cd42de7f19f607d0c,30,TRAFFIC SIGNAL,FUNCTIONING PROPERLY
74,edef59b86d5430d96552740ae4396fbbec1df966d3125355a135c72c1f6a8838b7264e52116d896717fd72e11b5798b93eacc230e5db570858aa7fba2e4f76f0,20,OTHER,NO CONTROLS
75,a2b949cd8ae55b896bbc9711312100da33c5e3a209b5238edb87bac4ca7d8d157dc487d8e25974ac762b5a085f403b03f6551503f13fe6ce663df7a8dcd01528,30,NO CONTROLS,NO CONTROLS
76,f2af48bac343253aa95d7bff9bf76370b78ae32114c7de387e6b6e777e6768bfb6679e3d931dcd70f58b26581ec74329a49c45538f56e9ac9fde8e506e38023c,30,UNKNOWN,UNKNOWN
77,5eaeafe1427542d33706015c8839cf6f2279e0eb1a16e0b94bdb2b788a8f5efbd7c55b572dc6b5f4c483d937ed7e504be4597496ca1d19c8f0725bc7042124a1,30,NO CONTROLS,NO CONTROLS
78,36c4353de83858c9b0ab4ff9a86e90ffe17c14e13aad2e673f949048a4b424c1d0ec902f9cf462408aef646a549aa346edcc97f8461c02aab0c759d3f13d0843,30,NO CONTROLS,NO CONTROLS
79,7ca2b445b0920c132fc7c2c148ed83ff9352c7f99c0c7d7fb893f4ddd1ae02d67fd99ffa38d0f7a19f8af41b08ee13863f6f600fac1cbaf95b1776a3e09efb33,35,NO CONTROLS,NO CONTROLS
80,71ac905c1f7a7ae7fe1a5fe439cc6aedf562ff38ba001311465386c05de50a9bf5c1107a461ceaa16e7064f46a219d92b4bcc74e6a3a2e24286d53435f972616,35,TRAFFIC SIGNAL,FUNCTIONING PROPERLY
81,0ff60f97696650178c4fe95076020e583e719c0449cb5e69a7fd33ea49ce55009f43b8e7522885533887d43b1aba5931938ecd0a8309b8fec7239c2d71a16030,30,STOP SIGN/FLASHER,FUNCTIONING PROPERLY
82,50827ff3778582c861d4ce0e182b5d9872f41fe0bbb543ffc9645572b121e1406768e6a69579587fbc6bc071bb00758ce748754f54875c1630079d824f6c9430,30,TRAFFIC SIGNAL,FUNCTIONING PROPERLY
83,d37ef5ea25801434ee861eb692fd418f5604672452d270ac0330aa9f709661c4ea4a9dc289f75012e6854eee5ee411204f20ffaa1c81015d9de6203edc6b004b,30,NO CONTROLS,NO CONTROLS
84,3e648c164036233cb5ecf3ff60865a7b3202b86b102483ba9b3c2bcfd2b4408dd61483701d4294ad9fa7ac50eeb8775b9fc72c452dba0aefd20398aabd2bae97,30,UNKNOWN,NO CONTROLS
85,8e5671e752a18f8060c6f6d433cf69eca4ed69f67cf073012145c8b245d0afaaafe925883d92ddbfe7a8c384e7036c7075ea044a4b3e8ebe5371c290ecb6a52e,30,TRAFFIC SIGNAL,FUNCTIONING PROPERLY
86,1848075136317b28bd816e97d93296bbbe2971a76eb17606887279012137799fa4eeda8b8addba3492e01c6b4cbc65c432e7c84dabb206aa6184fb738b0848aa,30,TRAFFIC SIGNAL,FUNCTIONING PROPERLY
87,e0426ec82e270bf8290d27bc7ebe37fee39312d3e8dd9bc28a6c92b6a4bdf0c1368435d53d1f699b851463cf610cf74b15ae602c22eaa9c2dda0e83bb743de45,30,TRAFFIC SIGNAL,FUNCTIONING PROPERLY
88,6458f9797efcf163d22ea822bed052d2d007720183e27b4c2a2bfcbe06ea389ac9673aa5196391d012a430866bb0b78f57c6a8be6c984d02d9a207e2c4112819,30,NO CONTROLS,NO CONTROLS
89,da2101970abd397dacfebe9c850086845e57b8dd88733fc4c2a9a4f898feca241802064e099c74cf9c9f98bf821a918d332ff10de49d0dd6d075825955d79690,30,TRAFFIC SIGNAL,FUNCTIONING PROPERLY
90,e5809966e7d0dceb31bacdf38c639b8a7e0f596f460960bfb375379602a246d41c3a6998ae6ed50eeb57b7bb8e39dd76e19a3f45528b8adca6d3edf4f74bfddb,30,NO CONTROLS,NO CONTROLS
91,25a5e6e128c5074a0b9908e97bbecf3cf0e9aed0a9e4eeeef4428a5768a2bbf3869637ed4175df830599b05c76ce98786cac9442ba97e795dcea08ded44cfb47,30,NO CONTROLS,NO CONTROLS
92,00adfdbada1ea2614b4c9f9e733e5e727085f9eebc87e47ad4abe258c8a105481f8569bda2d5b58dbfa28be1601fd2ddb5eae8ff173cfbff29778d0513768b46,35,TRAFFIC SIGNAL,FUNCTIONING PROPERLY
93,269f48a410ee653298316c141118d97d08d29e8a72155c35ed80261e0a5c759fd18fcd4802612dd539dc12b55e189d4f73fb143aa73792dfa81d3558d3d73c1a,30,TRAFFIC SIGNAL,FUNCTIONING PROPERLY
94,dac1021aaba08704ef792ca99dbcd18eaf38f8bdc4b7d813416c7744c7d8e9ab64ad04a19a7d2637e715fda31a0166b976e7f27531054d83b45cfc2584076afa,30,TRAFFIC SIGNAL,FUNCTIONING PROPERLY
95,b4f903488d44412faeecab8c1192a2c6e5ebb3810789e3437a89240714bad9ec162961d19f0da12a91f2a3c14b793d59651859b58075baf8b2521595b1cd3e82,30,TRAFFIC SIGNAL,FUNCTIONING PROPERLY
96,63515521bec2c1690fff96684efe4779de2eb23fe86c319e774efe0ec93e4641fd90debc4cdd0318c995dadad919b46b31c25503f4f224974db8e86701a8e696,30,NO CONTROLS,NO CONTROLS
97,ee9fb365e282dc5f3bdb273dac85f476b95e937f315c25ec34a7ed862c18c0e45b0fe029dc6bb0e0ce873fb9a2c998a7e41f0cb0ddcb118d7bcf6d31ce801b27,20,NO CONTROLS,NO CONTROLS
98,007c4a9836a67554eeb98503d0ef89cf0fe86b01e0a0001dc0f68975d1d6b6e80b281334a36f88b0c5fe6af1123bf206567de41178f53f28f549e57dd5b5707b,30,STOP SIGN/FLASHER,FUNCTIONING PROPERLY
99,a105af8a166377571db5277ef0a4062ac34d9d2ba78ac4fe645871143556f66568ed95efbd570c28ebfb6160ea0551f707b03c0d0b0d015f5475d90c67a5342c,30,STOP SIGN/FLASHER,FUNCTIONING PROPERLY
100,0e653a0e4f1463726ca026b8109065967bc10aec3a234aa77a5a2c8e1bff84ac9222a630a13a65cdab0d64d41e69fc2652947d586c8bb63e549c724fb206262d,15,NO CONTROLS,NO CONTROLS
101,ef7ff96ae13b999a28bbb154fef17ecf97138f2444920f0877a52225bba0220c2945356279c8af5048d3963ceb4c26689e9498a940a526dc2422b3b7db052857,30,NO CONTROLS,NO CONTROLS
102,839ba4bfeb1079e0a867341e84ef575733ddc0325e2a4f51f18a4510030a2786ddaceb9fc68a6f1d6bdb0047bb1fe8210d9e0a044f8bf1601365799abd062760,30,TRAFFIC SIGNAL,FUNCTIONING PROPERLY
103,46d8aafddd4cc70f2607b364cf2995134a72298b54eb476a0f0fb9829f54c691813d63d0040a8ef80a114273b2e012d086edc09ef5432da8816d26fd94295575,30,NO CONTROLS,NO CONTROLS
104,63becc001ce87fa8db6e6db9f7d282ab0b74b2916aa201baa3ce172f247f1ce0f194ccd600e0fe765e5e0223ce9657e1825a1803d7d55a66da9ce3d7a32a89a6,30,NO CONTROLS,NO CONTROLS
105,3e22f98552e4bf841b7bfb2fa7cc2affc42b7571fe2eb0c5074a63e8ad0d9e64e08ab30e64ffeb0c30909309bea364458aa3f27cbfdfbb78ca712416a1c36375,30,TRAFFIC SIGNAL,FUNCTIONING PROPERLY
106,0f37f182591db159bc2122a0ff385681b69d53054765d71ba952ba5a53e65bdcf40d4fc887bb03e41b8239cf64c4a31535ca350d51132bfa6640a04f110ecbff,30,NO CONTROLS,NO CONTROLS
107,5fddcd1d90d35990dcc2fc4ce1c9da06959a0a48b7e3cc1206523ad53e5b4e27d7a6d2930fbca9ff3deb2bbe304cd18eaf3d2d6b5285dd51173efcb52e8ee61b,30,NO CONTROLS,NO CONTROLS
108,d75e06a1ec9153ac6a8885ceeccedd72472874e1cc0649a5a0c558bd0747dce69b4d2a5ac5c0458fe9ee8b603a9f4f1216677627a79e8b20e0f988e3e87f2d3f,30,TRAFFIC SIGNAL,FUNCTIONING PROPERLY
109,f6b92e65c8cec23aa4f610aa8323ef9fa51a947136b97a00a18103d084b39d5235f0765b8df6a881be310b64d8ac31ee03417796e5e66dd9a810a0284f673717,30,TRAFFIC SIGNAL,FUNCTIONING PROPERLY
110,dd18345b6376c35aa2226fc92a54cc48a7ca3f270896d45243dff6300617372171526f5e5ca4ee7480fd86de5fe632a85f426c2e35db0ac304cea30fbbe79eb4,35,NO CONTROLS,NO CONTROLS
111,218d238c0482b5bef7bbe6dbf2dc468f84ca54c28234b597c2145148d956deb51ad9b86eff3a59f4b5631d4d743aa3c2f8295be111549e428fb8d44401d64821,30,NO CONTROLS,NO CONTROLS
112,2f5ef8593a2381c473ae1db8d6a43eea4dca48eccd0d88f16ff84fd9b7647959b558805ba3314e7c1cfd7778bc1b03c20b465030dd31bb67adab416bc9c895ea,25,TRAFFIC SIGNAL,FUNCTIONING PROPERLY
113,09957fa7761054f923b1cf3f034dc1c38ce8f3573face966409c42b7829f12ea58a0139c1d8d0ed0072ccbaaf46e5e4e380048ea66425c0180d956b52dc1349e,30,NO CONTROLS,NO CONTROLS
114,e2c62b566684dbf8b6b906c9308b916f36b17528f1bb85d4f23ba5f26b50f53beaf05fa8d81811a267383ba092c554125d7ca8def8a9cf7615c2720693c5e8be,30,NO PASSING,NO CONTROLS
115,9cb3c67ceb260e8966941dcc52ea651919138ca05a8fbcd6ab3e87daa7e5ae2c04970d53623c682af5bcba26751d0bba46778772f57edff16c56d410c17ec733,30,NO CONTROLS,NO CONTROLS
116,88d03a5675ea5a58efbf6ebe53d2976b29f7a1c54fe792b7a79a6d4f02c38ada67dd56a25a5dd6697c18a16f268da114cecb0e78f58fff3de436b27f3ac9a483,25,NO CONTROLS,NO CONTROLS
117,d4c121ba4feb460e46b254b09ce697755ecef7f800b47f87f144c6f23d423db7ebfad6200bb54bf80da0cf3ac9f91ad72eaf1832cf4872c235f11253bbeecb88,25,TRAFFIC SIGNAL,FUNCTIONING PROPERLY
118,85f3206191a892c314d0109159936a5008af52e0edceadda4bfca1fe7869b6cb43b94eea284e6438f4360926bb0ded06346ee2bb32308c651f3c8f4e29bb2750,35,STOP SIGN/FLASHER,FUNCTIONING PROPERLY
119,fc7a07c0a937d832b017ae8b1be7c5059b49931ef20087cf38623764e7ed06d3604d54c0569b564a1720df6f3c83c6bce7a40d18833be03db708cad527330885,35,TRAFFIC SIGNAL,UNKNOWN
120,b597ed5cbc53cb0d5d0428e85baac99f974c73bed25080194cda44fafa7532e074fcf5b161d847a91b7ef345a305d76fb49337859ddf299325e6803236f23283,30,TRAFFIC SIGNAL,FUNCTIONING PROPERLY
121,b84ca15559305eac90734bb629eef8b26fd8fe030262502572637a5f8dcc75e26f3af0fa1f8392978ffd91cacf0d324edeb0d10131026223d1118bd7ecac40a6,30,NO CONTROLS,NO CONTROLS
122,10657b21dc87ac94141f5de4157dd7f1b99fe9d48961e738017284906b3a5cd5c94b15836b595e958d3056dc199f1625a355aa3561f6c1dfa87793c15ac41ada,35,STOP SIGN/FLASHER,FUNCTIONING PROPERLY
123,4f109cc7e7fe6a93eda35901a7a0ddcabb255c96c0126dd3bfe21c631dbb75c08e0676a84ffe9fb2b9f0ac1d317db6f84b1b94cec47b38280f1fd561c5dfbd78,30,NO CONTROLS,NO CONTROLS
124,adf06234fde1741c6bf3493e9cd5c9e62ba7b74ae200db596db5e3edf950ed1d692debb57fff28fbaadaa71b94449dbfbaabc4b218c331ee30cf49feabcc406c,5,NO CONTROLS,NO CONTROLS
125,82cf7fdd44bed549c4c3ec3db1a255266c864c6ce03e30a9316e6c92d3a2441cd2366b657db5a1c36e0fca328063e803ee6cc58c13bf979d66c1744b4a8b2d6c,25,NO CONTROLS,NO CONTROLS
126,87ef0b562677a17d72dd5a7bcb8abde5a243cf9b4cdb4aa242096adda21667e81c3eb720bf02d5b204e824fd98a9321d0a291d899aaf60c96c66c9bb9c0ff208,20,NO CONTROLS,NO CONTROLS
127,4e46c686a1b7f2d6873fc8a95902c6545b638577b171a6ffaacc32187eb47c235ad8bd416f10b3b5307ee20ba2e73b2a010afd14290083c8ebabd80e4ce70c90,30,NO CONTROLS,NO CONTROLS
128,474783c2649db3e1d6e7a8073c662ff3f1dcd3ed74341b2d8418cf26bb2e4966af1d0d62f6324ffd0fd8b0d8e7c7165a54ef9b3e462ca48b0100b207f3eea0df,30,NO CONTROLS,NO CONTROLS
129,12ac889d9ea0150a20374df693e1ca9ae697ba307360b8a93ba1aed931ddfad8cd41c171f2035723dd1b1ee8765be424f59324f9c1db9aaad2dfdcde64f6be80,30,NO CONTROLS,NO CONTROLS
130,fd9d2080a06a824bc01147787fe6dc65d2a78102a51869439d53f9078bdf4375def6bd0d19f91034a64be21c3213d9da8d25f8f262671d99c91f434df2e56abe,30,NO CONTROLS,NO CONTROLS
131,9889125e31abd8deebf591fa68cb5865d8ef1e0d4d3bf53e9e8a63afbca46778548417e5d4e1cbf149e2419f9d2e4bb5ba149b0d3993c326c88a0c344eaebb5f,30,NO CONTROLS,NO CONTROLS
132,05a00f0368c81a35774d2aa5c6216258307963304dd94a68c681ebdf2fde71d4cf1f63cea60eaa63bf980e484d9675f0047a8198787ec6101663cf6c97022cd0,30,NO CONTROLS,NO CONTROLS
133,8f5d27466aad9b01f52095359ae703b7e4617bad91b9ee5e1e68a70f7e426c257e39ce56d606edfed685e3682bf1d9f6f19a2b36e186141842c36376a96ffed1,30,TRAFFIC SIGNAL,FUNCTIONING PROPERLY
134,a4743ddf5c7593de7e4b44194e1a390aea38f970dc56d6e86ec98e3149a9e2180ea66211e787465a4e33aa00b703d95d1aab65c4090008cbc141bab4aee75c6d,10,NO CONTROLS,UNKNOWN
135,965975b8dcb628097051087057b5cb3386e14caf3a3e276520420b755cc16e814be4c54253dd25e59a3891d7792c5900475bd50033aa5e70a97a70342c5d6428,30,TRAFFIC SIGNAL,FUNCTIONING PROPERLY
136,148b4b951491334006388ebe6b52b07e6d495394fe377c603b851293b082d600388a349b52bc82e8d4828629d3670f879bd90bfdcb857ad04fb48227395b7a29,30,TRAFFIC SIGNAL,UNKNOWN
137,caff185b0e4b672cdeda9c6bc735bcbaee88247c69e7f2f7c6df63ed940946d6e3b7f7f7fba3e9321276a683b3f6981c5431a83cd9a51d153dcab20055fdcac1,15,TRAFFIC SIGNAL,FUNCTIONING PROPERLY
138,36e31941d3e698865546b2cfb6e06920383a62072a09dc90112072ea125d6b974fd11c09dc399293e46625d59afa9322432d2d2852dfd210755679f41be118ec,20,NO CONTROLS,NO CONTROLS
139,650ca541e580483d3e172b2470e5bc7073b9654585c629de9f71a1dbd243461191177d0211aa3d70d1605b010d643de0984e97a38ea26c6136034e45b7deddbd,30,UNKNOWN,UNKNOWN
140,45d65257ea0e6f3559a4a5e89008f434dbcadadae79a4ab83d496ba90c3d3522918396cbec32644bc3ab8e43bbe2a17bab810953a2230110d4672849e32071b4,25,STOP SIGN/FLASHER,FUNCTIONING PROPERLY
141,bb12e47520e84566e83fca368288872157def24cf6bf6adc8e54c50e2fe26493584b39799ca2ec235ad95802d28400cecd955f6bda106bf9d9e38c31e1ce183f,25,NO CONTROLS,NO CONTROLS
142,89d2bfe4d2de3f59bfa2468a5a7076de9451c257f48c8574e0b3d7bcbd3e8fbeaaeb970cb107a340487daac4dd56a8aa3c3b120ac829dee5fe37ddb1a8ce1dc4,35,TRAFFIC SIGNAL,FUNCTIONING PROPERLY
143,d8f8a928447b37d55ef3ab47ee223165bc7ce8d087ee01150746a82517dbf05ddcb2b36295ceba038da475f768b9dd764fd3d3a10884bac9a3db4aea074c69b6,30,STOP SIGN/FLASHER,FUNCTIONING PROPERLY
144,13034664bf55f51ecb2f3c9fe1d81d382f348897b9220a246b64a0630ba4ecaff311bb0695c417551efd7d6229df56fb0a1162350ad5374a64f08e630ebc4503,30,NO CONTROLS,NO CONTROLS
145,9dd02e5aa0b3c55a09e37c3cf5ef2f4a9a095d86ab000128d081969c7687fb7f43ff9f1ad211ebd754d065a7085745621a10ae7afa5e46cab84984cda28115d7,30,TRAFFIC SIGNAL,FUNCTIONING PROPERLY
146,9c6e35c6125f852c831cad7961abff9a0477b08e5ad7ab147bf43c60dfaaa1a4942e1b6d3cc24ef68694c6677d88798d963be1134843077b0d1baef0ac592e86,35,NO CONTROLS,NO CONTROLS
147,27a360619f32571b51b9d0c7a16e339f142125ef254dd29a8e15b5b81d104225d05995ad32487fdfd4d1478039811d8599e8df0413440b2fe82afa5232a07510,30,NO CONTROLS,NO CONTROLS
148,e56e02b0892e56ace528f5b9cba8574f22d3ec3d5c48a9df480452f9e3b53b04582cc4d5f0668773e188458b939335d381eb0c416c83a9636412ea92a13435cb,25,TRAFFIC SIGNAL,FUNCTIONING PROPERLY
149,a20192e6a5b6809045003a7e0200ddd76b5dd3db4fc678e73330afb5efb5478f017c917203dce9835ec7b427472afed04fd9aa174038a3bf5f433fc52799a7ed,25,NO CONTROLS,NO CONTROLS
150,8dea2b2a1812d35fd631ceb23dc1880c3d9d7c1a2839b5cab1594233119fe8bf3dca2e9eea12562f5713adb1d8d121ddd914496a2c081322ec66551afa5577e1,30,STOP SIGN/FLASHER,FUNCTIONING PROPERLY
151,06012288c007692303d37b73ca273d7bb0554c829d00b116226d1a5c4c9a2d0873275c2c4eaf283bb4010ae64109276f5670490bff459cdd289c71098be6039f,30,NO CONTROLS,NO CONTROLS
152,50555cbec009b44fed2d8c05f1d78a023351d78ec408c98980749dba8a74cafa1791a53dcd134cfcc2078872e88dd02a198d254f73afebcddfea650066ae0fa2,30,TRAFFIC SIGNAL,FUNCTIONING PROPERLY
153,d8d39a4c1a28986e3474c4fe1c74f7c10851ac2b57103fdb5de75e83196bd5ac1ea858fdc37e8da2e1c6fd5f69a41a18e138d382f8c3d158ba8fcbd927c3cdb3,35,NO CONTROLS,NO CONTROLS
154,0bc0dc08ec4ba8b910192169b71df2163f2a09ab650a818764ebe0d6e1224ca51f17391b8d25d7125a8bf73678ae2f98bc097c0529eefc33db48c520ba7bebf1,35,UNKNOWN,UNKNOWN
155,079f002c31497993036a6cb1370328b0567cb3bcb63cbcb9d1402c7927d86a83cf5a6eb75fa2d8ff4087950f1ce735fd8d3fa895005ed803d670c5ce08b59bab,25,STOP SIGN/FLASHER,FUNCTIONING PROPERLY
156,c5db943dc1e625b193ddc9aec09b2063f08b73a72a30b14575013dc90aec16f5b7ad5276e8d46b247127395a0f8c660c34d7506ed77e4e04b64e82e7382e1a7c,30,TRAFFIC SIGNAL,FUNCTIONING PROPERLY
157,8f0e70fd60ed054cda0dc7ea9f332f2f76e7a802d7e3d25fb15934d12c611f7051d415997bf528f44fda0c54c6b4ee4a41b70f47db89e7869908f6c5c548f564,30,NO CONTROLS,NO CONTROLS
158,3df042c8c85c040905ef923376e9ae6a609372cf64115dea5002d1a690ad12aaa85b27339686fe6bc0175cce49b89896fbd9eed2f13e411f3a4fa3fb037d7cac,30,NO CONTROLS,NO CONTROLS
159,0e1f07edd62a0888769db6f941f45b9aa93c660c2bc014dfef8ef5c9e409ccc25fc9c23fa3523e47fefd195217a5881aa5d54bc7eb8c8d2a6c7f808be0b42772,30,NO CONTROLS,NO CONTROLS
160,905c86b845bfedf9a2650a277452a14baf85c940f7a8310a5831513ac7a9c6081176fa121a2451ac9c4d6487303886c1ff7d08166657f14df0b282a74f1408a5,30,NO CONTROLS,NO CONTROLS
161,b9b09d46619d2b70b070fb6d2c83a6bbf35b8ddaa4235ac264463f07e364df3b72b30567bcc02c366f3be2e2b4d1da3499e5ba43c815cce680d28a729e2e7a44,30,TRAFFIC SIGNAL,FUNCTIONING PROPERLY
162,24bfaec26402de2a7bb6c767c6596aa18c5fd51e5501c1e5bd9ed0e7357163efdd989378a20c1ecf9e560adf96030c7af6b7a16ca834da307d80bcae90e285b4,30,NO CONTROLS,NO CONTROLS
163,2c4a008ce5e2fb43ce118d4ab83a438e5555eb59a04386a8337f99794e283573316ffed5320e86b1e012938f648e289c6d831c39d5ef3a2d4f2cedeb495674e4,15,NO CONTROLS,NO CONTROLS
164,b0d76026e4a2a0ded6609d957a1785b8bafbb7228938b4897fdb38f39cd27cd841e6cf58ae7d9becccd0175c6f458a8b9ce1d96e958de3b0efbccf16dae36658,30,NO CONTROLS,NO CONTROLS
165,126d8baa3cfd4fae88301c054497689166d0ac8500ec1b8c8945e24e13a78e09782600f304607742e6cff734719ec08cc6b3a9bde4f599eea1d8729d53f48c37,45,NO CONTROLS,NO CONTROLS
166,36699d3d2d25bea56239c0ac98aa0c08b5b669bfb3da00942d5f509fa2c7c980db2f8545f7e21fefdfc0c0100be18e1e69340c9430b6182878a870f31445ab5e,30,UNKNOWN,UNKNOWN
167,f7a96bf8c3a296d498992920ffd0fb3e22ca93b37c55bf9b860ea2ff03f0365f584f602bce197619823b5002c31b1ef82c5c13ab2bb3bc4765efdb89bcd42ba3,30,NO CONTROLS,NO CONTROLS
168,e79d8f079064d8f194e670d718168e9aad8bd46c44dc3e3a6b9edee6b54f5fad42bff4495132554d57293a5e01d67b5ab16ae24d5536ba2230484aac0a50f4bf,30,NO CONTROLS,NO CONTROLS
169,2c474c747584f3df07be61687a37edf257ab17f689bd5350527287ca6c6db92d38a9b82270ebf007054c404988c52cf33b79dd2deaeb3e5b09f961979ba70225,30,STOP SIGN/FLASHER,FUNCTIONING PROPERLY
170,0ce1ac3f43bc43fe3ac3a6430de96629a0d902508708394d9b19c04717027c98ad24fa4b3b7c696f03032d16497535141bfa65a108eba9c0833d28a1563d335c,30,NO CONTROLS,NO CONTROLS
171,56e59835b47356f2f20acb165f77d6d5375c3560fb5e4ccb9beb12ae3f3fd311bdcdc37aba7d39e52f3d3266c86e2412c82125faae934c6193ff2979a1770074,15,NO CONTROLS,NO CONTROLS
172,433f3f23a8254478520292132302f16cf2f0aa2b76999ad25372a4d4d129ad729500d3fa0cbacbd2c97c2661a8c6afa7b3af5b8d849372679d4e348af9e5c6d0,30,NO CONTROLS,NO CONTROLS
173,79816314602ece93a00bd8511ed4bcf6af3b29735a34e169a272df562564b16621dcbdae3fda4d7947a4d7012399313459adf2b831d4a05497b796b6e35abc59,30,TRAFFIC SIGNAL,FUNCTIONING PROPERLY
174,1b18765eb9a1d51e50d5de2d6576cab1bcd053342f1aa92e2f05f998f5e5923b2453551a8357cf12078fe8ff3d66c1c54146119cba3493b24adc319baef69c37,30,NO CONTROLS,NO CONTROLS
175,4d135c9bdc2d130740561abaf34060bc50d252d954ce18c6538d96ee3b7310aa5ec38e9c975beec76950531f9076b3d624329256ee644a511243a9ddcff89985,30,NO CONTROLS,NO CONTROLS
176,a6bc647561bd33b9675ff14b5ec0b4ca4b7c2566fab5a885ef8052ba050af158663b141b67e4de9376a98d27ed73a76cfe08cae14c286c32613e9bc400d0655c,30,UNKNOWN,NO CONTROLS
177,48ac35777ad5fe0443b042eb6e958547087f5b6e3dcca240d03c07c0e20dd71ba78622def1a50ecfa9b47e35ce85ead919b42f1f52290d808174f70420d91206,30,TRAFFIC SIGNAL,FUNCTIONING PROPERLY
178,50d4584a8d46ade7344550515f34cb58d844fba7668c33f9b2d1de3f303aba6def14325c490e438b77639189094501cf278c982fecf03f44e9d2f04f5066bf69,30,NO CONTROLS,NO CONTROLS
179,0be5f42f34402efdd25600e00d635db93b29baca03490a86225257f8e048e017363b70a580889e5ac7212bf2848323afcd2f7040353891adf401541ba068bee1,15,NO CONTROLS,NO CONTROLS
180,7946f0278298a1235781f0afc86733ea19ff4c934ba08ccf4388440e4ecacfaca886c3d153236a41cdcb2aee8444631ec5f9ad4124f629f9107b617e6a76a792,30,NO CONTROLS,NO CONTROLS
181,49c8c4f864dc16cda6fc044c7bb6a343ebe66529d2cf2bd1dcdb091d9fec33ab9336ca895187d59dc716d3646fd65f4d4b02ab175ff789b50a2b17576294af16,25,NO CONTROLS,NO CONTROLS
182,7b052ff141772e1f71b7f67b1de93be8dde1952b083dc7fd0e302857c4eea4cca2dd4dd39306795a29933cc7a321a209868a0af5c59ac57d15397c6a2dff7e5a,30,STOP SIGN/FLASHER,FUNCTIONING PROPERLY
183,ed1070bfb5ddea49b785ec416f12819c629a288d350201add98be2539bb5370f83df8547937ade2f56ed6ecdf0b38bbe332f6ed4479482a612e5ace3705b22cf,25,NO CONTROLS,NO CONTROLS
184,c0096ba8c7dc70c7d3007475c96eaa008fb9523ebc7fb68c0fe0e0e8b14ce670949de863eaa06414d9efdad7c550308053e6f420089cdb245fcd6c0aa72791e8,10,NO CONTROLS,NO CONTROLS
185,dd6e53e06f8f83448c7c5878395048e77aaa06af2d822e234aa80c697615d0067dad21dd621538d2b6c5f353a18bc617ae9f3cc44a22bb4f51fbc2cb8fb925af,30,NO CONTROLS,NO CONTROLS
186,92c72fbdabf7f4bbbf487fad372a13282f929cf122fc7d272df31ee3d43531e793837273adf3e835ef86c6c3e37aeea5d1ab2fc2f89aa807a8fcbe857b6d13df,30,NO CONTROLS,NO CONTROLS
187,eaa052861a99f74ab3110b8df9d36bead3ec72cad3fce63e707f7d681e989682643696c6e8d2948e0372543daff93cf3572c401035160799119b72e137e42b14,30,NO CONTROLS,NO CONTROLS
188,40557b2146e5920976bc41d39c19b2b10f04c5a16afb4c9c9407f35c69f64b3618901d157628f3bf2db69e8c6473adf5146ff46f5c6f26a6465d5de0ccab8716,30,UNKNOWN,UNKNOWN
189,003334756b123529ed8e89bdc9ab4a297fcda20794cbbdcbc565c3b019e3a1bff3b5a670f0054c706b1f20f427b255b80f048945eb378007b0cffcbe4f797957,30,STOP SIGN/FLASHER,FUNCTIONING PROPERLY
190,44d6eb0288203d9607d29b4c65256a4380a3135d7e1854cf0083398822385caddd1c4ac4b32caf30a6a0b7fb5fc7bed6085d0278433ccb4dfddc1a0f324cea86,30,NO CONTROLS,NO CONTROLS
191,67346f26c938b2cab0f9f0d81879ebb7531ef868f5197905a730c02d0795b3eee6b37d70203d3b4078e4359dd06be367fef13e63168ad67e7af6a3ed8b34f046,25,TRAFFIC SIGNAL,FUNCTIONING PROPERLY
192,e7303b51371a2580fe105496d1752992474ac78f0f2cf3fa8642ce098e7f2cb4d84c2d7c2579c96ad3cb46ca98b82e85e3bd51f344a19cf2f05d51010e3ecea7,30,TRAFFIC SIGNAL,FUNCTIONING PROPERLY
193,fcdd2f289720e823c67a8a7e3dc69ee9c2e388eee830752f3c502248084dd4c072a51f8509b32eee277c593d6001fbe81af84b7785ee751bd795bfa628d4e151,35,NO CONTROLS,NO CONTROLS
194,8e9a092e461b85125fd9a03e4f9222ef5c041e3330d31ea9fbe205c9b8d376417429f1a0c33178fd802e2412f6d344ae44ec30bab1e0e677142b8ec4844f098a,25,NO CONTROLS,NO CONTROLS
195,e7fb66792351d113c40b63e9341c4c99c6ec797afca49eeeca70fb2eb4c4773bfb977d08ab50c1b3a3c91f1494575367365e2532e7e036e566da26917a439be9,30,TRAFFIC SIGNAL,FUNCTIONING PROPERLY
196,caa0d38539a35e73b2a8d19faaa9d30f41cb16868775ef56926038425c636b44b863ed9a648dd03046170830dfd3c726cfe78c5fa28b63e5498653a770143602,30,TRAFFIC SIGNAL,FUNCTIONING PROPERLY
197,4c1ab1f4efe7611f9f46efdc7a745ebdcb10858bffbb200b54d476bb8cc02e38936139f42b3ebae8632c39e56b49ba395cd235e9b256b537d939940412a04c27,30,NO CONTROLS,NO CONTROLS
198,1b486e833fb39a7cea540aada241d5223e4e3322091c7f379d231f7676c80bcaa0e00320cd67c707d3030c96c55420b1dc534b1b656ae67de64a7ba37e47b488,30,STOP SIGN/FLASHER,FUNCTIONING PROPERLY
199,4edc7598c1e0c2c1500e38cc9433e5c7310a0677dff5b0737b7495e14e6c310255ecf51815afb79ad9600163d60d32faafead7a09a5142d347bbc04ed05e45b4,30,NO CONTROLS,NO CONTROLS
200,807840d46097ff4bed1e210cf25d7e41cad8391db76870399082ce02a6402d0bf867541d9b0ede658e41ec5ace23f09300efd70d69b2f0bf53de9c01b6802fd6,30,NO CONTROLS,NO CONTROLS
201,bb0b51318d6d5f11d40a238bf097b664c89fc222e893bbad718a8314009bd2d62dd3f245124a5d52dab5938d88616aa5358f567d00e6a363376d67f1e177e2b0,30,NO CONTROLS,NO CONTROLS
202,6beb88fbd756cd7528d3188ec134a461475ffd64ecd65d259f1e20620b133cc446ad41feedc35a50dc4a07c99ef592bcfaaf5771e2579946a975d95f5d41b4e9,40,TRAFFIC SIGNAL,FUNCTIONING PROPERLY
203,6ece1cb7a96fe9dcf6d2fd9ce67e8f2cdb0f08e0c9329e132c7dc8a95b336f327274f44956ab62031003681d78ef5cdab4719fd6718d39db6fcd2d725032450c,30,TRAFFIC SIGNAL,FUNCTIONING PROPERLY
204,59b12ef84bc104c00ac83c30f42b36e076217ae415c05910b72bf8de762b05b18ff2b8138730bdadd0e0a3242f0e38af7186184707132929575386b1d617eebe,20,NO CONTROLS,NO CONTROLS
205,7908ab5a65e3f33a8eff753bff39d568a12749d6cdb6400b50cd37d3bb2e3ac0960ca526c724f68444e8cbadb6b057cfdb5ca0e941775851b90cfe8f13091dda,30,NO CONTROLS,NO CONTROLS
206,bf243f1dd5be153259fcfc85f2ce4616ec60016abfe6dd856b87c1a3aa353638711a8236ea2971836a7221832831344d5a6b68663cba1f75d04f3882c15ed21f,30,TRAFFIC SIGNAL,FUNCTIONING PROPERLY
207,8434db80c00ea0e77c3bcbf3ece5139c205d7a7bed2edfd56a2f1ef699f68957769c77d7a4eaeab57a45daf01ecb77120653fefd340136d91c629046d3315efa,30,UNKNOWN,UNKNOWN
208,da7c59a66c582e352a1f3d7042874987670d9d7b0b62b52cca8123c4ae100c8da8175776f2b194ffba7cf10fceac6ba4fb42d8f2d96b5f99071d3ee83ab32e3d,15,NO CONTROLS,NO CONTROLS
209,28b99c43c2e0f7c6672ca5e5d0f954b80cc37a90ee225059fbc42a59de33b1ae71250b8e1e427cf0e57caab203707d6424aeac4fb32d737d4778c6669595ea6b,30,TRAFFIC SIGNAL,FUNCTIONING PROPERLY
210,0e9f7bad9ead66d0e0815ae3b268185f8763ce3abd6e31dbfc68b0fc216f6f7a15e771127c53e21d59df6f86a7a20f65119c242b324fcac28af123f3b51ca759,30,NO CONTROLS,NO CONTROLS
211,a3916177bce6f5697f9d9dbb96f4246189c07e70e22c07a13c8ad230ec95bed9e134a809856e3942da1c2c503fe3b5e95595af8fd133366f025463b7eefb9d30,30,STOP SIGN/FLASHER,NO CONTROLS
212,cfb0c72a16c5c5ac58176a077645bd3108bfe10d4536e2f365513adab807f60af24634ade6c769c64967280927c42e1d8b14a60db95cc8d0291739ce533f9ee2,30,TRAFFIC SIGNAL,FUNCTIONING PROPERLY
213,e66f48b6ec7b21d90cb99a8b78585b383c7d9715cc8daba918f9127fc363f4408376ec16eb26e0e79090688d0cb10871128da8411864977bbbbd72d847748366,30,TRAFFIC SIGNAL,FUNCTIONING PROPERLY
214,07cdb4c026823dcfd3a9112b631a0524fc15d39e30606f95bdb7849196682311d979cb59ed92ec2d51cc19b066c8f09730695819f0f506de97922db144b7b785,30,NO CONTROLS,NO CONTROLS
215,4bb095737a4cfccca79cf06105f2259bbac13d152c77cc47b332526865015988da3c48504634bc1d0a35e193b1705ed7f8446d0943f2bb2be5229335abf79ce4,30,STOP SIGN/FLASHER,FUNCTIONING PROPERLY
216,14e047dcd5c2344b0fff141c11cdd26cdb854cb7afebf23e69285a4ad9ab77ccaaa4bd9a439b49680169134ee3387856cdcbb24161a3a8a170ff15f2ddc5f511,25,STOP SIGN/FLASHER,FUNCTIONING PROPERLY
217,e8f584d7ce77a3fd329eef3831c514e8a3222793f9218efd3b444fbb7ee62786d0adf82f7bed897040a1a235909c231b688a0d39993729ad1f0209d5f3d1b76e,15,NO CONTROLS,NO CONTROLS
218,2594f73f161130989a70b0e7a817537c6acf49ac0395b85f7fd21eedded595201ebf19d7e8c0080372c3a8c6cace5756ecd278f982694d6e99e28516fdbf7d36,30,UNKNOWN,UNKNOWN
219,14f31bd5eea070507e23e0fcca80bdab63af90c0f52d5bf23df3c6248acf9958b356cc390410065dc8b81a53e513b4e38ace610c6cf88d51fe8b22d8fc8490db,30,TRAFFIC SIGNAL,FUNCTIONING PROPERLY
220,e3f5632c601ae7753e9c61960e8ba3ba8140dae193b5633e23390bf848a0d98d34a73d6ad5da37e512a8fa13197dd7f279122da436678be8311c8c3098ece5e9,30,NO CONTROLS,NO CONTROLS
221,2e12cdc7e7c5a7bc96221d5c5e771cc60deb7dc45f6f57f2e5516f7c7ebff813c71f20e7379479d3bcbc12f3a7ac68e8736127187aea1fcafaf663ae0e405b37,30,NO CONTROLS,NO CONTROLS
222,49cbc734a3deaa1f00e66a060a17606d4695c2504dda9ecc12b158dd6006c5599a77cb18182ce3d9110120f756761e4c820afaf0ad9eabd46e5f053e884acf4a,30,NO CONTROLS,NO CONTROLS
223,f54e22e65a2da40e8b867d6976098a70fab50e0dd55ec0b72b62427da89f11e6cbd147936f6859df2f93dbaf818de57cc200d0a0d7c3db502e7ebc7d42cb5016,30,NO CONTROLS,NO CONTROLS
224,d18b7a11057da5a2546fd33549d6a8b339fffd4ac0df444067b7ba489d5fa52f64316ead9ee02ccdc0c03fe5da9df4b2fcff441cae654334112bb1c7efa6b655,35,TRAFFIC SIGNAL,FUNCTIONING PROPERLY
225,b5d284ac4672fba9241e1e816d71cb4acaf3686284edfa908b6fbf22abe1217f5555d051535f525ea0ed21f983a2580d8d9a34640a9322ab17c26b0d99108d82,20,NO CONTROLS,NO CONTROLS
226,cbdbc58c6f87650dd1a14932c0c50b32db550bfaafd1879e5da47b78886bab42d11342dd9420b1277b38cb41ab6126090fd7456d394839bc80fbc75ddbb98e73,30,NO CONTROLS,NO CONTROLS
227,d2274cb5edca365ca2d373f8d45a675172c5938807d16686c4cdb5fd10f431a5862a275d01e2470309fbb36754cfd2bb82aa1a294a265bb990c735c1472ceebd,30,TRAFFIC SIGNAL,FUNCTIONING PROPERLY
228,fbdc41b3f2ab57606f414a0df4536df4ac7dd5baf98cf3cece3235327b6aec457deee600090854292e329840f34e44479136d5ee7d3b57007b99efc285bbb3a0,30,UNKNOWN,UNKNOWN
229,0662d69f4762c8a0d2f3e6dbd59f146b1e7cb4131b40b7745dbeccf61a44bed11c8830da907d718d1bf2b855750434a659b73fff256399fb0ca731473a109ed0,30,NO CONTROLS,NO CONTROLS
230,df0677868d8dfab993132f8630af64195ea9125b31780316f4770f2ad0b6ef6c3196e05e463a4d90916cb476120b5fa0e102387027a49ccb0cfd818db8ff5654,30,TRAFFIC SIGNAL,FUNCTIONING PROPERLY
231,f3a9db62f3baf418ac3fa6ebe06363c8d23d27736a3d8d06e8e2f4be79a9014675200c707323ca260b5e04658b8d139305ab2855309dcfdfc609fe6fa23f4f42,30,TRAFFIC SIGNAL,FUNCTIONING PROPERLY
232,735bfbb27dfd4f37655635a70134d3d330ff9444078a89d597b6020fd5aab997fe0234aaabf7b4272813cfed194b7171825db7378dd5db7d8980f1b382a33e1d,30,TRAFFIC SIGNAL,FUNCTIONING PROPERLY
233,9d1670d075ed4c44f83118784f72c3394e78941824dfdd5c20993027fbc6f8d9d284cafe5e9cdf3551bae7f8547dda6e930aa84bc5b40c681c03f6a742275a04,30,TRAFFIC SIGNAL,FUNCTIONING PROPERLY
234,02d1be06c9042935c6a27e3f43949f144ca4dfab935c06ccb645f3cced6ebcc7f87abd9cbb801547b7c1faa918c849ee047610620772df139bacc9054abd0c4d,30,TRAFFIC SIGNAL,FUNCTIONING PROPERLY
235,e471d0b614253b82ec13fec1d5fb0f5e4505284f73c75a22529c14818478c1e61d0a299b6ee52c0e0de4c829fc42e5a64fe43c49a8ee9c61fd589dcb384e981c,30,UNKNOWN,UNKNOWN
236,e0065e6e148878884cc97ea542245d609ecc8deefcdf1a7ce09a79ddf55e0837737e0b9f38d0796e81258d750d2af76f59d51d460f429bb752e676f7f3ea4a5d,30,NO CONTROLS,NO CONTROLS
237,ea024cc1535494745c73d536fa7552eab3cdc354a3d8ee1ca90889a07ec0ec86996b9bcc3e3a7bb9e66567dab7739b5b36bbd936353f86b326435391198af453,30,NO CONTROLS,NO CONTROLS
238,b58064e9848fb23badf68d54490ef20293f5a9a2444d15ed3be82b256ec7c33ad45d3522a24a89f69589213a6eb5c9a89e048cdc555591ed6d6dfdfac4970014,30,NO CONTROLS,NO CONTROLS
239,272989b77f7481db699a91ef4a21431f357adeec0b0baa52b31671042e1c59132b0757019a5b43a07ffdaeedf84971f746b35c32a3c2b2d979c4a43ba3075ab1,30,TRAFFIC SIGNAL,FUNCTIONING PROPERLY
240,f3b21864e2499f91728bed522c1db2035b7bc517af1d36de599c42cd9c8bdab5fd8c29436d7aa8d5ed47e631cca18d02a5946a35fbdc579e8d93c8a1ad3cc45d,15,NO CONTROLS,NO CONTROLS
241,7328f5de30eefd82a360f79ccfcbc1bbd64fafd7f56f463b3cd675b09e37b8dfc6bdbf739666b3fea731d8f0489d413e53bc22cedc00016c92152e5ae7bf584b,30,TRAFFIC SIGNAL,FUNCTIONING PROPERLY
242,d9224cd43c698233e2fa43499cb27315f8a41335f18db4941247819dc80fb3a8cd8fb5c891c6ea2dce99a1b543d3f8b3e0fbfbde36a0583da764d0d62ff6082d,30,NO CONTROLS,NO CONTROLS
243,4f70846a166fa557ab3bcd20c132a0e7c09e23004eda84757c7a094488d122c179557394a370b24715eefa813fbd7fee9217a9320aca51d493a269240af24c5b,30,NO CONTROLS,NO CONTROLS
244,742871c43a96465c9081ebe733153e54c85b21d91fdd90e1cc28d9a5bb52c4a549c1cbc6778cbb3f13b1cbf6162a238259456be8e5c595a44f1ab9a0f54c4fb4,25,STOP SIGN/FLASHER,NO CONTROLS
245,00a172b8188a922bf07339a488663e2f1a85eca676f4b290973ed9bcbe8ee834c1cddd605a0b7a0dd700ae06a86546e557b391fa1835d7c7efed4b4a0faba49e,30,NO CONTROLS,NO CONTROLS
246,e71bef80229a9060d3fe27a25a1ffd769c05673a4612869460064555792897682e4ee6070add1238b5db303191d6af1a47679f8f393336e766a948d20416b4e0,30,TRAFFIC SIGNAL,FUNCTIONING PROPERLY
247,9ddb835f813f6670bae433f05a2cf81d1daf55d7e201e4f1b989463e72bcbf82e0e8566e117febe8cfc81b76448d0815475505fc648ff6084131f6c2a083983d,30,TRAFFIC SIGNAL,FUNCTIONING PROPERLY
248,b263e3e0d79cd5d7698d7f8a69e3e172c2f6e14490320632fcb59749b3abc686063c6fef34145f08bcb326be025a96133bb848451146d3c21985513c8d67ee3d,55,DELINEATORS,FUNCTIONING PROPERLY
249,ee60320e13521fc32358e7590cb4caab734402ab6f9ea6fabf1ab8c7be4887456ef93707ea0cf920eff55325c08b6268a874a4d4457b2a6586da8549d3028a80,20,NO CONTROLS,NO CONTROLS
250,92e2b769d2f6a5ecdbc5c268cbef56a0add51a4ad93decd5600c7ff4211499fc556ca70dae388380e15a68ecf8304cc509770dfa2a4fd8799032b5e4b55f2e41,30,NO CONTROLS,NO CONTROLS
251,39bcfa908b85a62b7c7e350197c18716e8cb6a74795b9df0e01a6454e17c71f57bdfd690421ba5bb3c42b8958d26730c3ad98bf8735118870c15980cc2de9282,30,NO CONTROLS,NO CONTROLS
252,7eca6cadbe2f14df2f011303b8f79bd3243dc6d19b5c97a30a719e1f6700e02aa21e3b686f7c4625506c511cc11d22641ce7dd2b2e499d0948cf8920202ec552,30,STOP SIGN/FLASHER,OTHER
253,fd70ee5026d8a5176baa7229e32346843747c83de651b362ef1661fe16b800a0ed9ef73ede223a1e3300f0aa5f5100869e08f4a908b8d5e0c31986a5101b800e,30,STOP SIGN/FLASHER,FUNCTIONING PROPERLY
254,9019f4fcdb642fb27b7a9f5edca1842c6b00c3699882c94118a97b1a9de66201033073de4069b8a454f22c233cdd3a47c8cb258a83b3a1aea0bec17f83a4c2c4,35,TRAFFIC SIGNAL,FUNCTIONING PROPERLY
255,9b80f4310bc85e841f1042f98e02af9b91d764afb66e473fbdaac2a25ae16969f928da736c3ce4a04ac382a7f02320164e6739bd335825b68e05c4550acc52d7,35,UNKNOWN,UNKNOWN
256,ce2a1301f68d04ef63aa086a534ad79193f977f74db1a68c87cda3e02621641d772359446b6873a26ac6d75ca01ae43291d629ee318fd06eb0b127335a8536c1,20,NO CONTROLS,UNKNOWN
257,3e6e4a42c8ae688374c10a0509dcc2cc3495c5172248a2a168ce705cd1353416475b371ff1819175a8111a8b61eaffde1bad429b1799889552dedc824256e68f,10,NO CONTROLS,NO CONTROLS
258,1b653bd91745b92fef221217105856456da3cc691582ceda3ee35f8028e029593d55a78e8e89cb14f162a88ad9b99139adcf6c30005cc5ee4758646bd7a50a33,30,NO CONTROLS,NO CONTROLS
259,fcb35cd4632ef6fa4c05ad538d9cb16eba09940cb992107f8e5afd49d7925cd45611d2dcbc2463fdd7f2e3622be1977c7af6f86cbbf658769f245088f4c6e53e,30,NO CONTROLS,NO CONTROLS
260,4c453394875f44e0dbc1cf0c4f5f13e0c0b9b224c8bea59d173018a9c56269408614e9773672d3681aa815a18b8238579381df9eebb3ffdd5dc838516612da42,30,NO CONTROLS,NO CONTROLS
261,a74441c24b2758da8e43a9786de59511d32aa8e9e61f47b0c677826d593983d7a782b89f504ba59265becd00fa26da8bf17e90529344dea17cd6553f57c6f418,15,NO CONTROLS,NO CONTROLS
262,0980f38e0a1af5df991200727c0d4b79e6a160d5757242ab38be7debc951d8e2646904eda946b6683986440b63ad8a601ceb3c825e7faf18334bd49e0a969aaa,30,UNKNOWN,NO CONTROLS
263,804b541b6257d0c0ffe5b91946909914de4efb61e045f15922a0075f58e3057da3057cfd74f2fc39b05e0ece4a51162e92084b8e5e43b8b7ec77ce08c2baecd7,30,TRAFFIC SIGNAL,FUNCTIONING PROPERLY
264,dc513b4dc0554aa28760eca79304ea25ba275c83ef488d00d6b0ea9ba5cd50c53603e269216c1e1df798f3a1398d6ab07e9ab3225a140cc898462362b0e1458b,25,NO CONTROLS,NO CONTROLS
265,467659b79a248369437a56caa3b5e00614b2b0bec7bd3bee23771b1d48eb5cddbee388d82901c9b217d04a054ed3218f2ed5852082d4563fbbfe625a8a15cc92,15,NO CONTROLS,NO CONTROLS
266,8bd631a0c645707e500662e536c93b1bd0c57a8e421eaa4c379f2020920fdeab34e1152792ec66bda579b482a04d7525aca770c84de2a3a34167a21b68fb717c,30,TRAFFIC SIGNAL,FUNCTIONING PROPERLY
267,cc17375b59a95ff4f4bce277717a4f420a6f38187ac4088a82034c692cf4fc1c4b84af0caf238c2a0ab616cb9216585d25f1c9b109adfbcbe44cb6674429d7b8,25,TRAFFIC SIGNAL,FUNCTIONING PROPERLY
268,250b6bdf84606ed7d0973e3bd87e0acf890cb9c4a27823693f902eda5f83712c680a6b03c3279502910c4d3eef087925b4d225e61b4d7157a1817c4a6ffcd797,30,NO CONTROLS,NO CONTROLS
269,a035b7295013c8a921e36eeba03703cd3ec9b648e8d1dd71485ade1296f5fd8c6078a50af2d7d752f04b69e1d81cc3324564f41ee771247f59193b3e49e5dc80,30,NO CONTROLS,NO CONTROLS
270,41588db3e4e7ef0a98b577fee2d151df3a3882e29e84b16f92aab0a71dd7e0e023d924111335994562e23d0a21e897a2bf510afc2bae30ddb9e4eeaf95cea326,30,NO CONTROLS,NO CONTROLS
271,0db350883c714e7ddfbd84c563491f70dc31281482b19a0cd65409e30e34863ca0d919b43da4d30189206f02ee03453e8dbe943ec641f721f7fb42210ac2e053,30,NO CONTROLS,NO CONTROLS
272,99542ed58fb1789f56fc560d45e2351c7afec51aacb096ebb96b692a63514d56e73ab9cc75b58d236031a139b5b17ce9e5804d17fc458f36d36233938f7bc241,35,TRAFFIC SIGNAL,UNKNOWN
273,d4a376c16c539c1941b5cc83aca8f34b87666a63c10c176268c06e093e08c0aa1dbf733ad9a1453a28fafb22c2946191d046dac6e98a7cd407eef309baf43007,30,TRAFFIC SIGNAL,FUNCTIONING PROPERLY
274,9fb1b51b1d0c868acbb461ea67f7a10022597d43a31e6f6757d9b5749b6738cf64fb78a0f867301a3cf46245361fac966b13319a4e83f5d47d923865c9c86755,30,TRAFFIC SIGNAL,FUNCTIONING PROPERLY
275,e5e450baea7809afbe7a8cf51c669eff9f3cd26f7c454da6839502839ccc99fda9e23129491ca80c4730f17cc7f4e9fbe5cdc5f472143ccc2d6dff2771cd32c2,30,NO CONTROLS,NO CONTROLS
276,28ef854494e916b0cae4f56708df3fbb8ca91c04b7658acbf859a16f96e7e1ad6d74afc11e04f6af6d6d0d56956cc1da480205d08cb13cb7713cc06fac031bba,30,TRAFFIC SIGNAL,FUNCTIONING PROPERLY
277,991ea0465f9f17d02634c1d01050c8498dcc57de8ebe898e2eb1fa7f03834871f8b13f5e94f97658f59af05fd0f6ef16ddc61f6693bc948682b3a0a7dc15f694,30,NO CONTROLS,NO CONTROLS
278,a9b36ddbe8feb3ab0aed0492a130be462e112f4af27d89357d38be1f8925e04b1bee4b0281f69fa716e0483c20518e481da56948c44936fecdb6a1179f730fdd,30,NO CONTROLS,NO CONTROLS
279,790c39a207464b2060fe45374f852039404ac379f1eb5f7d901e6f8cf09e8fe1c4d8ba62029d2c599c1c4f4bfa8f3848df58d8e82a3224573faf17add4b635ff,30,TRAFFIC SIGNAL,FUNCTIONING PROPERLY
280,924e664f0b9997a3a8abfad0ec1291d2481334b83bc43373649e9f484123a18c0b57274e152aa815c703fce3910a879e27bf87f6098d26f14fe7d9f43761b6bb,20,STOP SIGN/FLASHER,NO CONTROLS
281,b1b998c04e61985510cc82ed3c80ec6fb1f4c2549b916a24a7e36deba8b554b3f622ccbc5c2933bcaf696a68366da6fa73974bc0c8e58eb49ad413e7e9254ac2,30,NO CONTROLS,NO CONTROLS
282,a4d5f60d32864b70ba141124624ad390aab5ac62774dee69274855252bc71fa0e19097799a453cd264a11c23cc1e33ad8483b35a75e46c2a0ab866c801c76f9d,30,NO CONTROLS,NO CONTROLS
283,29823e3cbc75e88e40abbf58d61b9200a7dd760324db0cdf394d709659ca27e3fb35d30906383b8525c6161aa1c5898bc3d08afb66b3842381c488e5978d1f76,30,STOP SIGN/FLASHER,NOT FUNCTIONING
284,a533b7da5713766aac0c1662ef920bb5c8a50bf0c3ee34d6f9639c15f149e80371a9cf426de3c43502e63bfeaa8d59952e7b4fc30616a8b5b0e2296fdf3eb6fc,30,NO CONTROLS,NO CONTROLS
285,c95264dccd2564bfb94864b1c68f709a082e83a7e9e6ea372bcaf7921d7d095d6e3d6feb18db8f489abd5fac17906e6c547e3e3e70c316f8373a703cf83c7eb7,30,NO CONTROLS,NO CONTROLS
286,a69171579f26b07e3523ccbd58321d85f3ebb454ee4de70cc319adef96ca86f5863bf54827cca10bf839b51212d781c10bfe72f396a73c8a6c2576d1ba43032d,30,TRAFFIC SIGNAL,FUNCTIONING PROPERLY
287,16f999e41b210cbd29b405629183cca690c9e0d33711f2c8a8008e4d9ff474ee83ff77f60cdc21773d1fa408f01b99a93d7ebf6a3c2488ebde44768ed345db0f,30,TRAFFIC SIGNAL,FUNCTIONING PROPERLY
288,c65250d589d295c735ae6b1ea4653bd1010350fcbb8e1f9d6545942bb397f22af51efe87926455e2cafd9908cb3d0bacced6b6100c5aadfa0d62dcf3f52cad72,30,NO CONTROLS,NO CONTROLS
289,3132ce23dc105e5af6413e5b8cbb50688795a925557e762e25c72e2593e93b2f9dd84cf3052e90c73bb16dfb141f751970c953afe864ab7295c554ea0a194f5a,30,TRAFFIC SIGNAL,FUNCTIONING PROPERLY
290,b403ee2a2b54226df14afb0a82c3864af65460357d1006c3b754e3895cf30928aa605631d32582fbb1ccc60c8f31e391c06171df3377afc36131521d480dbf8b,30,TRAFFIC SIGNAL,UNKNOWN
291,5fd0d9b825f290feb31e76bd41b37714e993a2ce85db1fb5c59ae38802cc426afad80b8873b617edddb01630eb30ece21f243ba34546237867860508ab91dc39,30,STOP SIGN/FLASHER,FUNCTIONING PROPERLY
292,ce47cb4f65bdd1f6705c0b0f813a56651d97b316444f6f6b6cbb5fa4a3667b8075638e41d1a3d7e27c962507f9a5b52fce2549c078063a3a73d152af593f8983,30,NO CONTROLS,NO CONTROLS
293,994c8c56b5ada8b584e17f06d006ead83fe16ddd9f812d8acd4479e6d47331fb3167ad9ea62a92212889802ec071e3599026732be6c7df912fadd9b93cbe676c,30,TRAFFIC SIGNAL,FUNCTIONING PROPERLY
294,53c478ef868f2e33b2bad964899237cb8a3481494bd74ea98f46d060427ba3b66d6cc50683656eb5cd6af0d3084bda4183b6a1ed039ca104737943d6cfb3ce7f,30,TRAFFIC SIGNAL,FUNCTIONING PROPERLY
295,55df2aeba007b8d9387e024dca7024d80cf201aae7586a893d1b899e92d477b2b42ea8b62b7fec1e3841482fa687d0a5b56d0c6f52ac43888ed1c7a34c067c3c,10,NO CONTROLS,NO CONTROLS
296,ed970400df0606343e7357f3ab2bf7443091e80c45211b647733e9b09fc363e5251f1262f94917f105b647b9c2868f6a394971f3dea5e1424c4b453a929eff9e,30,TRAFFIC SIGNAL,FUNCTIONING PROPERLY
297,2d6ead789d9529096f4ab2167522413cf92b7fba3b62ecc1c10de28bef9c88358a70d9fdd827643e06816847056978e1a61643fcd7a0bd579886b7ccd30326d5,30,NO CONTROLS,NO CONTROLS
298,af9ef65039c1bf922de49891713bf5c5c2cdb7413bc945894c3884625afc040c958062b504a4b1dfc7b0547b122b074cdb7402c8864da2570656dafedcfb786b,30,NO CONTROLS,NO CONTROLS
299,72cddc0d00d2d78c03bd19eefc52b5123d0fd33f7f14d1065b4356b41a43db8f33af95d5c213d4199d7dafdf722cdb283cab637693de938ae3e518fb12211c66,15,NO CONTROLS,NO CONTROLS
300,7b80862e9f311744bcf19fb04aac975dab35c947dcf5e36e71e2d2fcf835296e86a517bf32ab8e46d6ac5e22a14313eba986dfe3b4e901350c9cbde7336d26a8,10,NO CONTROLS,NO CONTROLS
301,9f176b6ad2fb9e9520bfe2ecb972c1925fe1c8eb8583065e543ba65db12a96d0986cd386b03de14b8acb9bcef301bf465284693ea9f7ec05099937c1531efc43,30,NO CONTROLS,NO CONTROLS
302,59334c43588c52be8364647db55324e40ca50cfe8bae6b360967b7577db1a24648d6a824e280787c1c0117e374425cafc711d7a9cdf32d7b1cd3192280cfb54c,30,NO CONTROLS,NO CONTROLS
303,3335cbef9a7861d0fcc6f14ba960f882e49348d30d7fafadb40a1577eee6d38384315daebfcd2a4243a315958ac93056c839b9ab76559dff62fa144472280802,30,NO CONTROLS,NO CONTROLS
304,5ff78f002e72d77fe4962af2b2d5c093ec71c1127ee1100ed135290b352edf3206ccb1cedab5c078f6289152850cb1ab7433a9de8beb70a544737026eecc638b,20,NO CONTROLS,NO CONTROLS
305,394df9bd5d27ddf6920a15dea4650471ab19e4116492cd2487ad685a6cefb2069841caa5af103b61d45b84650d38b1d818ff7c114cdfc40d4777d76f0b926520,30,TRAFFIC SIGNAL,FUNCTIONING PROPERLY
306,1d438384daa4e1c7e3b85fc3bc85ebfb9e14da3246d31f3233880b6225af440867c28a91cf40a62e0f5574bdd8be12f2ecd87c7fab0ccef810fdf697caaf1384,5,NO CONTROLS,NO CONTROLS
307,10b09474ebf73e28563e9761aad87c67fc2d8b8bcee4f5a4d439a761b2cb64ab995ea71fddb99ba3a0edd056e6492d0323afd05c90eaef12eef3383a7c98a540,10,NO CONTROLS,NO CONTROLS
308,c81f90940c1f1404d7aa9cab09f8b4f715ba9bac6f0bc2e68df0c3324afce1458679cf04876644f6516ba7feb8e22e2ea507b205bf7ac3baaff29d8db2f45050,30,NO CONTROLS,NO CONTROLS
309,eabe845515722c29a272633b1ef1423f9721257d333300ebf42fa83f265d3cab4687904eccc2856a055231c52c97628b01662dd689de4e8a96e0fdfae302fbd3,20,NO CONTROLS,NO CONTROLS
310,b968c92d22c5315ecf12174f62c3b6b6a1246e8d0e5891f1e1009ac63df9ff38e8efd576993bfed8698baa3a0d005f14a62b5fca63a8592e0a45a5f308d52977,10,NO CONTROLS,NO CONTROLS
311,ff50db80ea1926d6710d7d9d55601cba8aba737d3c821a57c6181b470e6448d20a8ed962b2ce9025dde6dbb637b8a67fcce9c23c5ed45450731875eb6c60e747,35,STOP SIGN/FLASHER,FUNCTIONING PROPERLY
312,33a33fad6df754463a5b6a3ae824f1d2dadcb51a6a369cc073fd4eb63fd347c5d0a43ecfdbc10a41f500c9b1dad08d1d71619bc325a258f18e8c83c6c57aec0e,35,NO CONTROLS,NO CONTROLS
313,2217e481f631c690a3d0bf8511ec1e835dde950f29426f359a705c5782e00de4bdb5a7b85bdb713d01dacc76f9f9548beaf6fbcf7db7aeea3c426cb558325d6a,30,STOP SIGN/FLASHER,FUNCTIONING PROPERLY
314,2924212eaa5b06208f87415db15a31f4b134c0222bded6f9909dc3bd5b15358384f98300e406c99a6b321b65f6be691ab8d6f108dec759c03fb15017a3f14dc4,30,STOP SIGN/FLASHER,FUNCTIONING PROPERLY
315,ed4a49f534db6ea4c6324b0626e83f9c681be08766154c5e1ba2b6d092c0c835e776ad5614aba75143e3eec3f57610b70c61dfa3ae38ff66da00cc6238aa8afe,30,NO CONTROLS,NO CONTROLS
316,17ba81bc4cb4a971844f9ba740ab2b1edddce61963213b2d45918e7cdbfdb7fd4d265576249308181719e4195a2b82b3c2f272882e2d77a8146f45d03e136931,30,NO CONTROLS,NO CONTROLS
317,7fec968b1a193bd6b6af2ebee13a380bd00cae03c922c58d8f613fc6f7fc91082bf670e53e6004b238f35dfe94c399d77608522a75ebe3f9baa48ab332c7bd81,35,TRAFFIC SIGNAL,FUNCTIONING PROPERLY
318,753f78dbd395605cc5c3a6f298cd1b3e05b1d63c4ecafe08017e659719f7b3b28c2402b908d7dcf967cfec0ae17733d9db156ee5f10ab6a1c9e1d59e8f7a97c8,30,NO CONTROLS,NO CONTROLS
319,795b9bcdc7a4e06b527e109827489520d40e65fec2b989d4b7e0548e36fc435a20a8ce17bc67a1ecd749bc0803623b357df3a5745c942026fff387f8547212e4,25,NO CONTROLS,NO CONTROLS
320,f3890cbbf65fd82542c4f758dcac397982e4081a618d175f6b19023ac2cce21792df222459b28cb0ee4d7e3ba7aad61ef232e615ced8d7ad65d7bbc8c01baa7c,30,NO CONTROLS,NO CONTROLS
321,3c786dd0da0cc3aa0c6b84aad18b3ddb317ad2fd906390afc0259f3bec63d8c89cbeca515294ab19824e584cc04c1134bc6fae0f0eda028532d597a835c760e6,30,TRAFFIC SIGNAL,NO CONTROLS
322,dd2a5938b56ac2f457e6924cc33b9cce25a011326e058898c2bcddb68b116d1699acd122a77a1822c8660c321d78ef6f6a641c2d1fcc6128ebf2ee155a62dbf0,30,NO CONTROLS,NO CONTROLS
323,6ab748bf352033eb2ceaa2c6a8b44442b0001c45d130a328c71ac2601e6c0206e163fb8c55bdaca85383727a496ee535fa0a052e4d7d526925112bfee30a8f80,30,NO CONTROLS,NO CONTROLS
324,4e20f80d4cc39d1acd804508587c4a466ed09373362c9f3b69f2a9527c469f49e1b12c665e57cec09b03c37527245e084a3c90d61c9ec0443a97576541461c5c,30,STOP SIGN/FLASHER,FUNCTIONING PROPERLY
325,2806e43b7b880fd7d8d15b2f4900b68664ac7bef1204528d55d2aa953e3447492b1c0b8d83a9af08260dea9c3c2d2a697933d53f22cbe425dbdf0bc7acf95e59,35,TRAFFIC SIGNAL,FUNCTIONING PROPERLY
326,e14ba33c2c14374dd01a3adc10d6e2dba2ca11e3e0ea5ed67d87f592eeca25d9dde280df6d8dfe035a04ddbd2f628a8e5cdd65eed80cc58a785a89ef9032a749,30,NO CONTROLS,NO CONTROLS
327,a25bbb1939b1b3a9385f828b36e07cea0cbda856b2bcdd24b6613d8ceac4f8ba2014af64ab9f23eff512d5cef5baf150f9e899d60e86637390942decc7d5730b,30,NO CONTROLS,NO CONTROLS
328,f1ab32819da0c8cc1f8424be0e595346b879649519af5e220a6f024e0295b6d330bd23bf9c0751f8f55090107e64d93dae63b258ecdcb223dd7d05870672bffe,30,NO CONTROLS,NO CONTROLS
329,11aa024e96260eaa263f976330b50b1613410dd20b6fd662bc7bc2b46fb53eb08d1e1951eb3f90905596e5619bd6c90a4f5e7006dc901c22b26efbab7a85e2bc,30,TRAFFIC SIGNAL,FUNCTIONING PROPERLY
330,9ff46f503629af479e207dcdcbfb15c4cb63349e6638f460d3d6af9b84a18cc6810dc9f72459d7f8ea0ef8206cae4063f5900cf2210f203b295085b7260e258c,30,TRAFFIC SIGNAL,FUNCTIONING PROPERLY
331,0e6ea35f43e43fee6e13c3d33731569d1626b29b585d23f3d6d516c95ba997f7d1bfa336bcf7e08058216e87d4a903587bff89c7fb9acc7e1d7116183851d04f,20,NO CONTROLS,NO CONTROLS
332,7cf210ce7e87bf3d649b0a13b82196fab8cd2c60c1aa022597b2d9f909e9e25eb078b8cfb66464a3386b284a4a5e34d9af5fa2f593dad6c42cfd210a8b8fb59f,30,NO CONTROLS,NO CONTROLS
333,5e81f4fdf33501c9df514d7ce21382206ca98c50307b17bc7a2d22301a40f166982342949aff6482c75258a9eadcd64297e37992a85f7b46e2b7eeb25db89b6f,20,NO CONTROLS,NO CONTROLS
334,db6d7325bce9714b297dd53e95a4b38083d31841da06e1bf4b111b866d5c72063fea713e9e4835df34ed8964073c3bcaf11a826a5709ead6eb26a01dd0c6bb97,25,NO CONTROLS,NO CONTROLS
335,e07c34b29bb23ebfa34dc2bf55006f0e110e960a8e51100d63aa14055b57fe51e6b7d421cd1eb2304382cda935fddf2a02e91e88e33415589835f050044bf4c7,30,NO CONTROLS,NO CONTROLS
336,9935e5467fa9894574cd6b519882c3d6ef93741fbf1527c7fe2393ee831ed712b94ca27b9fec1ec584b209cc8308fa73e3e8d3ad5eaee26d7aaf4ba202ef0348,20,NO CONTROLS,NO CONTROLS
337,61b223c3434d653b5cbea5f5f6f8b6c0ac297eae93ed73afaad881c292a03aab5cf6e9736931820336ef8d7a5642a78b12c68f58b9d11e828a75734ef0e5524b,30,TRAFFIC SIGNAL,FUNCTIONING PROPERLY
338,85505de3e3c9bab1524a8f444971190c142792b6201768ac76a7d9be642ebf7f12a124b963530b08278c8e4549001875fc249f25544805ef76757af51f2538b4,25,STOP SIGN/FLASHER,FUNCTIONING PROPERLY
339,2ad31dbc859cb7556a31aa9bd79700c5405be70eb98ee372e77be48ab8d5feb1b07d7751e212c8c4904780f0b954fea045c808d047a1a366d27e0e7d9056ed9b,30,NO CONTROLS,NO CONTROLS
340,8a2009c1321b884c9f6a912d214ae7e3e3bc6b874c8aa465ed5eccfdfae0da2bf052ff1de69d51c417e10fc15f9e075ccfa07b7e657842021a8eda0b0c5b5c70,35,NO CONTROLS,NO CONTROLS
341,f6e4a1c77454b68c12f41b55ba2e687c0968162a1a9da5805f324a16d8e429992562196af64e5027dbde8fbde7f419eafe99c6e7594855957028e17cf1da1f16,45,NO CONTROLS,NO CONTROLS
342,66ef2dda24ac89ab3007eea8043bf282d80d195fa9779f729b706cb8b7b9eb4123ccf1d3dba3640be2a9189be4bc8e5e7c606d9f1d186c2b0a3769b322ae9644,30,NO CONTROLS,NO CONTROLS
343,183b8577c386c20798fe7bccd8e3a37b7c40d13442f78fa3ccb83a7245b08f45cedb7fdf3a832358d8917c3a481587cebdad31e0153cf0e86426aa519b452de4,30,TRAFFIC SIGNAL,FUNCTIONING PROPERLY
344,a847c708e2a3f19640141099a4ec796ca4229c2d09a21efba8e14948358417b7004167abb20a690017fac8c3cc83c5763fe3d0361e34cb072da13fdb57ba4512,30,OTHER,NO CONTROLS
345,5e4fb84c671cca04dbef6018c5ecf24713f1b96f377a6fb19b4db148b9ae0918920c1bd550fc7400fc216ae78b9c932fd2459858330085fda2662c6571bd2170,30,TRAFFIC SIGNAL,FUNCTIONING PROPERLY
346,94df5e867c862ba1bc03b80561b5d7315642b610a97cf2d1011c80fff5d7e447fa905e9ff3789dca9d7ad56ad17e8ab9f6c8b6d64abc47d14d4aa59206b6b8fa,35,NO CONTROLS,NO CONTROLS
347,96f2af7a381bae5cb232ee6a08c91f0b5c9e03d6bfa60edf871ffe0a79e0cfcf2f20fc85175eeddc8f6d7c34297cad7a4d4e5f08b9b841ceb3fb29da38f22cb9,25,TRAFFIC SIGNAL,FUNCTIONING PROPERLY
348,745bb9fbbcdb14f616b90de9955b015050b972c0837cc407c2dc77a6f22244e40738af659821b1e919e37a77100be5a0e03d6ae965fe852a08e78ecdacad0da0,35,NO CONTROLS,NO CONTROLS
349,eba6c85ba0c52002b1c820af632571153192e87f22561bd0467f7b97ddbf6c036aa4902aae5eb67b86e63ffcb35e833d3752b26fdec5a0635f58ef83e759dc51,30,TRAFFIC SIGNAL,FUNCTIONING PROPERLY
350,3ff3071dc6b39416d2b0663c93114311f064d1fa6048868e4724d0f0a4a92a7be99523d3f0fd5b7e5b0d9ec020ff44e07183b66ca832c0ee26201bd02040eea7,30,UNKNOWN,UNKNOWN
351,0d7d7b8209c648d70b1356ab60527ff71e41608d3ab7416251a221ae135c742febe2df3cf3e6252b992e9809339e6501fc49a7551badd1277467e522044aff0b,25,STOP SIGN/FLASHER,NO CONTROLS
352,e5e0d7ad21a6e015a427514bc1973e5e97334cd67b77f7124a56a44f283dbfabb2a8a814eb8f7798de71706c513646b0d50cc041fe293fcd58d770e9bd7ce87f,30,TRAFFIC SIGNAL,UNKNOWN
353,55128d1cd4ae607c07d4e98479b883010525c9ec7886c3d8089a1954bdc9e2c7431728e3549c311947c8bedbb2421a1259a46052fdad9ba5be7da4f774519df3,20,NO CONTROLS,NO CONTROLS
354,48e946a5ebda3fdf6d506695e72acc0ce59506c5e616a7d8ec7df5482dcaf7806b61dff9824848a6f9038c109a4b68931a714e80a7ba9c48b50860fa4721482d,30,NO CONTROLS,NO CONTROLS
355,17696f91002955f6004fd61471fac7432a0c1e11339fcadaaf607b59ffbb85bed313eef0881ed923fb1046102c43e8b2103b0db8653e1b489e7ade31ed433a72,30,TRAFFIC SIGNAL,FUNCTIONING PROPERLY
356,7097bc2e382ee7c891cfaa373c4c25796a9c9768e7cccae53cd98922602f7b4a0f36b0949842c4360a4b4f2d64a314cb8bf7d143a87ab0bbd8731034417eb36c,30,NO CONTROLS,NO CONTROLS
357,2bb71aa31d3ae13748fbc58a8b347e29eef00c9dc748a11ef14a9857970a6f1d7c54ac5c6643608f697362f1c529220e641a500f4ddec15e7ff174388a7d72d8,35,NO CONTROLS,NO CONTROLS
358,34b5d39416288138420536672e197357e32b23d2432407debce286775f2775ff43d465c287037ca4e50afa2f0a5b40a423b9d2de8de422c34765ed087d38d34a,30,TRAFFIC SIGNAL,FUNCTIONING PROPERLY
359,0a4a98135eb4c1780472ee75042572790a2dd8f5d685079e2b5318ec0450ea4ea0a7f8f5fa343c30428e86fedfb3a494eb7e4d1412170be0b70b6c732420871f,30,NO CONTROLS,NO CONTROLS
360,415ca1413483ee739066d20b727b22208f2ef334ffa41dff77388aeab3d4fcadc65339bb0c77f86a924f20caa3f182eb0bb3f489cc25a5be73c95dd16fc8e22b,30,NO CONTROLS,NO CONTROLS
361,5c283e77252fd5ebfe4a4bfdad902b63f589bac7fd5afba1602a6d512c324b43d470c143d266948b0c2496f263b960332f01b5449f58e0c1e83e203e6a875675,35,RAILROAD CROSSING GATE,FUNCTIONING PROPERLY
362,4c249bfed25bcaf45c5771f4d1c88e6858aecbdbcb65fbc26dfa97be376b4d29f0660cca02342b1d4461437031c4cafa3372f335cf41001253145e9405d1ec2c,30,UNKNOWN,UNKNOWN
363,2af4ef5b3ea7296f033bb5448ce2f7d6b8cef4797f14ed6dfa65c21519e919e551c989a9d597209134d9580a89f21e256a14b7c22a30329d0dd761d9b8cf7dee,15,NO CONTROLS,NO CONTROLS
364,1d439fbdd37846c57aae3a8e6c7cb5a4062ec488dcd1ee8979e41ccf6d3f1808ae5127a4c3b676642d244d6699413a0f021686799d7b010ef30573afa7863b62,30,UNKNOWN,UNKNOWN
365,85e9cb4add9535c51fdc6077cd594926cebdc15010f04d4f3a964d0d517fddbcb49b780d5a21937e39dca113c20389a40e75a5ebed5b6c0319383be7d4dc0730,35,TRAFFIC SIGNAL,FUNCTIONING PROPERLY
366,28108147a2ea01320ad3ddef3184a58cce4fed829efc85ff06b2dcb82cce444bd06d9efd807120b9ae8419dbf19b525c07d17ad2c3a5c0608dbe61b716033373,30,TRAFFIC SIGNAL,FUNCTIONING PROPERLY
367,1de684129db850f0b4dbd53813ddae1f08515f2148f5a8f4248e7119fdd43baa8290f58ba42d6d539e1cadd6ab9ffbe8a3bc7369f3f82e5ccab96f891bace115,30,STOP SIGN/FLASHER,FUNCTIONING PROPERLY
368,eb7935b5f07695d4cea0551ced07e9c289da29bd8b9d566a7c49ea6f4fadc7dad6374995e2946a6d0c6a5ef06f2a9100324657c51b0256929996a0fb84afc893,30,TRAFFIC SIGNAL,FUNCTIONING PROPERLY
369,0b593b40ff946f111d306afd41ce9479b2a525e60cecb5b7c77a78cf86e3dc6e0324712becb444c875e9c4405b4c3ba698ba53ad930b2076073214bd2d076263,30,TRAFFIC SIGNAL,UNKNOWN
370,a33a70ce943a61fc7d9472d59885be4b6738d1e845932c38995ec427322b83945d4f9a87f83b11a4a7038baa7533838047148163262d0b43cb1b54d2eea5988f,30,NO CONTROLS,NO CONTROLS
371,7bf2efc9b30d430289458099efae125e960eb91517803f010cf5ce1a9f7d47c3d422913c9428488b57bd2d8d80e6166b94158342e32c15f51a87e46b533ea368,30,NO CONTROLS,NO CONTROLS
372,54e40d896e75d63205af4b5d02a17208acf651312dc7866eab4d0e5cc24be6d2fd338dcb426bf3302a0d4e7104f5956da4a05f17a18c92f8b70fded3d17080b9,30,TRAFFIC SIGNAL,FUNCTIONING PROPERLY
373,4ca7b337a887d0b22407401d583a0e98537070cbe68d27ae9f109b689bab93322c8b11f17f3b30334ae66d6a07b0bf31b2e255142eafe00e3fd1fe6541e0571b,30,NO CONTROLS,NO CONTROLS
374,1cd9eb7f40e8ef346c89dad599825d7d0b75e3b9d2d3db31429d6043864411e48f356a6a2f03fbf179b1fd4d8d78c56c9dabda997538b002b58ef9c9001e8522,30,NO CONTROLS,FUNCTIONING PROPERLY
375,044a138d77bf9b85411361f8c1f161cb0200078d141692c036090913f97e4cfbe9d9e7a3fc86ce5857973c72521cbb4a4adc152471ba4128cbf5dbea1b1ea238,30,NO CONTROLS,NO CONTROLS
376,42ad058280985b6b0362c9e432dd5886b93e6477fee016b923aa15815c155d2ce6db1b39e001e51ab28aabcbbf839983c4153fd51f7a20754e2fc5b23a484596,30,UNKNOWN,UNKNOWN
377,dc4a25ab512b5a3b4a43bf5bd2e478477dd1539e815d0e2f56073f746291fce2ba4e59ecbbdfc09cc9eefdab348bf26ee2a68c3fa0053c507cf8c15a334eed61,15,NO CONTROLS,NO CONTROLS
378,e94c9bd3ab8a26404713ffa5309f6f9ab264758e35429473616d170ae9234fe8c5430ac3f0142927b6f19555e7d3fa6ac1af4ef309766e2ddbb6bee32545072f,30,NO CONTROLS,NO CONTROLS
379,a1a17194a0244b64334a862d175846c38cb37e3bee880f187725da33d743c2e7019d64b84302affca075b11252f2c6b22bb26c78d3873095ef0f884997982f1b,30,NO CONTROLS,NO CONTROLS
380,0a5898a0840413ae24c970bfd8856b25c3c76080a427771da70a4f86d6a62d324b24e0037351c8a4dd6f272dd0289ca4be7066553bed89bc3afb8cd431a4e9a7,15,NO CONTROLS,NO CONTROLS
381,0ad9e7738b1075c02eedd869579ab95ed013458a443c8e72faa5bfb0ac4028704421d6c90c282ba7095029381d8ea117e269b681e834e448ebdaedd02ae8dc0f,30,NO CONTROLS,FUNCTIONING PROPERLY
382,11fde3177840dbdf2a4f2093f77dbb5cf4c9e9aeb0b5eb07a59fdb9809e44de7706107c761a49eed8e14e2d93a4fa6fd2c9da9433590fec437de641ba6ff5c00,30,TRAFFIC SIGNAL,FUNCTIONING PROPERLY
383,fa45bd8f3b0a73c5c611135e8ecfc76ef2cbfd8369b8e0a8f9ad85d4e96f4cce481247b978405a08e939058d7037befe517c296f54c2dedb95201572406f92e8,30,STOP SIGN/FLASHER,FUNCTIONING PROPERLY
384,6102814d1409953fa039fcc4ef458bdf396f1241665e79337b49dbcb7ab3a4fd586d2e21a2bc83a249b85af8fcd2d6ded775ecb3b504442622eaeab834f4fc61,30,STOP SIGN/FLASHER,FUNCTIONING PROPERLY
385,2d60a60ecaf8f98b2da4edc0a9931e168050721c5894ca105ac15190d8ecf88a0cb05caf37da7e45f5f9cd963267eef924163a1186a00617be8d2efc65d89fac,30,NO CONTROLS,NO CONTROLS
386,28e0b49e004d803630aea7f58d1cecb8eced078e779278870c0ca1d469707a1ea3625e5a0fd0566c7eb5520890c84924d23fb326f3cd3d9e240f4e56cda9d91e,30,UNKNOWN,UNKNOWN
387,1c0d4ff9ec1d6c679f04f9bb18c813034d4be740a4456a5bc131a17961c0f5442dee7a67f681fc92f13de81e43c9aa5795008c7e7d8666384c1688d43dd8f491,30,NO CONTROLS,NO CONTROLS
388,4b2fd52598ded3df7c02650cf9b74cb062041dd99630e457d28412fde8410f780cbf3ee0bf894b9b022e74cbb516f988fcca7cdcf43b78016a0c1e800c2b2ef8,30,NO CONTROLS,NO CONTROLS
389,9b347d30e00048ff899d171d10f1b11dd9428693069b2d7193b9b6d4fe5d812aff240efb7430b83a1fe5e25891f7a84e47fae2488e83f0babf0859ebae5c53e7,30,NO CONTROLS,NO CONTROLS
390,17eb2b5296cf1821e1866843dec2a7d823c8c8471223a9f78a935c251ffc07b7d5156b5318d993016aae302d0f2cec434e21325434f818a8548d666f55ba0088,30,TRAFFIC SIGNAL,FUNCTIONING PROPERLY
391,0958a471511f05264b1f906c937906e78767746b7e643cd45ea3b6b032e791819b3838f54f9adf68718995d0f1957c1144df93653554989148bdf08d42874821,30,TRAFFIC SIGNAL,FUNCTIONING PROPERLY
392,a0ad037cfcf72cf3fa3133ba8c0d30184da7405536bc0856ebd4cad34aff9535db9c18364c1675605c06bfc92e23c6d4b1a0f8aa76e228cba7243a0f142c53d8,30,NO CONTROLS,NO CONTROLS
393,21e73bb60c64ae2aec0fd427b5f2599d5cb45c426847e4e70e8ae806cc9283c9df8aa69bc87b6684ad63c1b59920e03e3ff8091a66346078d72bf54c02403e79,30,NO CONTROLS,NO CONTROLS
394,652b6d61b416e2747dd6e64c96c1a088fb71749ccb86ed20e1fa8464a01a224fd0c5e3878eb0b09d6a636ed5aa85d1e3cfd1e7e0dc99c5d9a5766f3fdf9e3f37,20,STOP SIGN/FLASHER,FUNCTIONING PROPERLY
395,1526c280f8621ad561989e008cb281083e4c69d7d135bef2781a2b6028eb79930cadb255f0e2902d6194fa55d402e9cb3d1746d6e0f836ce50416f8f1f040462,30,NO CONTROLS,NO CONTROLS
396,a8a56f0f6f472a9437fe0ba883401591b5690b6b57ae531feff6f3b091a026fd6109815c44004c87fb6ffa36af4b526a83512783c581b86f3f494284def0ff81,30,TRAFFIC SIGNAL,FUNCTIONING PROPERLY
397,83ec4d5e7ddf8e8c9dc3c73d4f63503972f629beba7675ba54e9ca5c4a7e95057dbf2827625f1d05a9fb799b370c920185d8c1ff49d7c76382ae4fd61bc0926a,30,NO CONTROLS,NO CONTROLS
398,ccbc34c21e42a5cc6734d16b017674a61d5984cec5e61a596626fc8baeb7069d508f08937f4dedca6e008067be9f0b803918b54418326aa3af715acb073e7efa,25,UNKNOWN,UNKNOWN
399,62ccbfbf9adfad83eaa5c853096e88e3e5c0caccc342b3060cf1b2d52a3d7ef600a0feddfef67f7afcacb9b3990cdb935297c685f2d01acf19ae1575ff776506,30,TRAFFIC SIGNAL,UNKNOWN
400,cd603f6b80dd02f4913daf09f8d72381a2d31efd8d798f1008ca2312a8ec718409d815a1a7390ccd46abfe4d6b4c0641ce1dec1b612c16df31aadaf632820d29,30,TRAFFIC SIGNAL,FUNCTIONING PROPERLY
401,c8480455ed229df73e2b61eb1d1283732cf816e51df26efc9020bc72cf3c5badaa121a3bcef037ba2fecad15b476789f8ff171814ef3d76c0f004103211b60f4,15,NO CONTROLS,NO CONTROLS
402,2402afba7c58103123fbafe99c4af9a34564d9cacc3e6235deddc86494df38261354fa0f5cbc2a6cb69e41dbecaf3f9aaf75015b72442d9e95caeddd695a9c05,30,TRAFFIC SIGNAL,FUNCTIONING PROPERLY
403,6e21d56355a6e053d5018fad0eb76c37de3bdb73000268fad98620cb1bf93b9f37a98cfbef89e6623cb58208880422a35168dba1bb6f3ef600b5fddec8514f06,30,UNKNOWN,NO CONTROLS
404,60461c914d2c210f83226b3a1112a15d959341f5c90f1c71463798a95bcf44f800df4221c4446f6ea961b0c233c99841004f1e6bff0892402a65c7b74896f6bd,30,UNKNOWN,UNKNOWN
405,5b265c77b39054ab9ca4bb8607293e9242a9499ae9e07e6ed6e50d1dd008954082b62cb1fe6f3ff26ab0808d0dfdf2bafa0a0d0c82912a722f84accb683e402d,30,NO CONTROLS,NO CONTROLS
406,71dcad66a2f2ee2dac7a83162b34b6d49f32bbf45acffc42394ab8928110701b07d4607dd3f1ddffae842f006ecab3c01a53168e692a910f6ac45a88b006f064,30,UNKNOWN,FUNCTIONING PROPERLY
407,63eda7ef6d5067670d5b82933e04d93f9c91544a2bde09006da74774de26c285e240ff94379e4fb0f784dc88df347102af6245729f7f29f1b64ffb1e810bf56c,30,NO CONTROLS,NO CONTROLS
408,31d385a70a11d3401c4ec34bf771db9f6e5ad3b82c1e918e22722edb3d5c5a1f97f25f85701f12b12c6180c8f2919f26e73901964dca49f815dd02f70a3c6c5e,30,NO CONTROLS,NO CONTROLS
409,2e983e63b50a50e51353a59f1f02fba3ac01eec98ecaa4fc4e420014651443b0fd5f98a96e85027b92a53ce9f58dcea540ad3683d47e87a3995a3681655d83cc,30,TRAFFIC SIGNAL,FUNCTIONING PROPERLY
410,3ce130ece74cdfd65460b78d00c2abce9f9a33e55c0d2287e0e2255f4a74cf67b5b30aeca892e14838a2762a93c9ff52a7adc1eaaba5cc8d33076516f7ada31c,0,NO CONTROLS,NO CONTROLS
411,62b1627d97c870c26ca20571713dc47538b9f3e18bff8e96109749f66d2e2d54bb17b4447048571cca465abc1358b2c277d7db803705214c1ecdcaa6109dd35b,30,STOP SIGN/FLASHER,FUNCTIONING PROPERLY
412,6f8258abc9bc7ec4f4e6e95097ce0d68140890a1a3e1773f5ba3d0c1f25de38725aaee7e1e24ac5b30254df91894776f8010d478db544c9ec6226d4c0f58bbe5,25,NO CONTROLS,NO CONTROLS
413,1ec1af68bafc2ba36522e019fab34419fbc10c1c5fc29822b417101e37661f9d8cba7497a382219a487fc094f7f6e3a651cb256ffbe3ebd8f19d8a3d1d87f7b4,30,STOP SIGN/FLASHER,FUNCTIONING PROPERLY
414,924594a8c8d6c6027e8f5c98a0f8148f6594fff39571980cfa6ec924eb651b30f63a6b90e1f962630bc896677b1d4acee53783d3dcf28bee3f8b0bc4f358825f,30,TRAFFIC SIGNAL,FUNCTIONING PROPERLY
415,7134e36613d42c8b55fd21ed79bc7e65963a13b741cfcdd3ad345b351e42f047e343cb788fe01b97159b093911eb1c62b697d1d998e4697daec8eabf64dae2a7,30,NO CONTROLS,NO CONTROLS
416,c6d953b62894cd47b7cdd537b1dff75bc01a17c1bdf05c5dcacb16933ea966998df2a30b1d7699811bd8ce7d5f84b940e30755d5caafe5c1d2ea19c6c2019a2d,30,NO CONTROLS,NO CONTROLS
417,4231c9b714f7b7011088f7519960c28b73298f49819ec89973d89eb5aa2308b56efe209b9708aa6117f841e517e6929261aa13dff72c17fef909c63b46ff4129,30,NO CONTROLS,NO CONTROLS
418,fe0eb22bea458a106c6a2fc8d4a10ea69b18f8033805464647e95a1fd180d9b8bf427a8e71e7c8c5827cd9c554e3f5f10a30e842b88d4b4fafc964ab6034d94c,10,OTHER,FUNCTIONING PROPERLY
419,16c8fa7809c155224bef1fa5f63b2defaec93c2ffb34be75f51b5fcb8bf2ddd6d164e8256f51102338c296160fcb25ab19ecc8bff3071bd35539b56630e6d1e6,30,NO CONTROLS,NO CONTROLS
420,4190265c9fa23d2d89482b03e5d608d8068bc25e26e9c04498de28a9f5b873f80d2d2cbf5ebbbad742ae88d25e9b635c87fffd491c5de45a07d247443eeafa35,30,NO CONTROLS,NO CONTROLS
421,9c400a654f00744bf8f5376af6e8db5dfdb73a15f3770e0d93501ee4e8ee83d1c2c8a7e0670bcf45071e6732e3bcd513772a2e38889b0d08208cbd4522588d57,30,TRAFFIC SIGNAL,FUNCTIONING PROPERLY
422,5763f6bf44882d512feb6fc3bc3b9360eaf02e16ee84e8c7568d97c245ca7f6dc02e3be7c3d4862d7314e0f902019f7205a30ff5f74cef975d1a221d5c49d7e3,30,TRAFFIC SIGNAL,FUNCTIONING PROPERLY
423,0e682b8c794e73e0b05bb9b8eb4f76f0ecefda6d283620cd8961eb362ee1a5946b9543029d0fe1243119440fa0854a50ed05553747069eb1f15f0d32efb2b308,30,NO CONTROLS,NO CONTROLS
424,ab77c60eeb32dcdb29168b49087edfbc10c3391c29a46487d82534948b249d23d6e8e8442e28204343c14af1b8029a9782707e03fcdb071284b436ca2606d23e,30,NO CONTROLS,NO CONTROLS
425,7709ee29cf1a179fc4a0d3842601910b0d9080d88ff8fad64490506f425b8f499a3395f6184642f1e201ed170e44ffd4aef9254d26c403e6757b44247d884f1b,30,STOP SIGN/FLASHER,FUNCTIONING PROPERLY
426,ada0afcbcd3d719987a7f464beff0ae99e36d989bc854263a4cd3fc0078e87e4bf341893470e1123d9bfbd7e3e0ea7450aff3bad76dbf4ac89d71822b4257e15,30,UNKNOWN,UNKNOWN
427,9b547d5c54f08cf9bcbd90cc0b8b6f333ae4acc0d3956ba90070badd2f2dc084dbf534a48f479dd4def46cbf26e993aac11c846b76658d12a54ec3fa28f6c08d,30,TRAFFIC SIGNAL,FUNCTIONING PROPERLY
428,1fbad72ec4641c236e5d571a7125f7881e9124cfd9adef49d90d55401aa8c3de2c26600cf8cd754c6704bfb098629a232d3abe59261c00cd3f033bacf9c36d3c,35,NO CONTROLS,NO CONTROLS
429,382a064982d9b1365d87e8eee35838b8d16c1664726fd04260224dc07a265e36a138bc27b91829da1c0d5b4db6c6f0484b5b9a65c2d487efc8d9fc5d9ca6cbd1,30,STOP SIGN/FLASHER,NO CONTROLS
430,43512021bb8fcadc319638c7b511af1c735b55f3ade54b022d9b6fc7c5b18c2a247a76c5eb0920274ccb7533f70030c84b35979e891bfb27c3a918bbdb4e156f,15,NO CONTROLS,NO CONTROLS
431,9d4ed0f6ca1dfcb2d3e25c27bdc5db8767c29fccebfccacfe51a281878510f68c0b17d631f8fc92cbbe701ed0c6a222a2b05f80a19dab7cfa70d7178e837ca97,30,NO CONTROLS,NO CONTROLS
432,5b560a3248b933126aa77eaebb8fce4aa325b7fb0165abdfeed7e236499d1599538190a5bfd2570752077190dcfc85a73c6aaaf92bb8e8bb463e1db769e0df2a,30,TRAFFIC SIGNAL,FUNCTIONING PROPERLY
433,fcdfda84451cfc84efa3efec4ea0c3407e2cfcb430391e28b24656dee41f789e62710e5ba4a19285807d8186cbf70818f1761178b284e6d4af1d05d35cc70605,30,NO CONTROLS,NO CONTROLS
434,36a6798a76e5ff02b2adc6e10621930669f1d86a76bbb4c10da9d0d3fbe611716764b34bd2810fbf205671fe916f3ed90587d9cb7361a13730941d89910f0e72,30,TRAFFIC SIGNAL,FUNCTIONING PROPERLY
435,a300c50b8ef3623fe781f3498054da43febf63889001488cf66de8919822505c3bd9d16a138777cff3f0ac1d15f412e4cb4f5a1d1596b0c79f397ce85dbf9fae,30,NO CONTROLS,NO CONTROLS
436,accd1429848c70ad5a6c8c123fdc940722dbb2a05151f22be3965d17ae15688a57039f13c4343873d8fb8bde41635fa1e38d534f4bb22a66787993110a1739f2,40,NO CONTROLS,NO CONTROLS
437,a928036348b26649422a26df451f7bc87620e0a774e9204c29be366c24e8a3046307bc74e05801e391738af9cab89910c54949c4672022385773c5a8ae65476f,30,TRAFFIC SIGNAL,FUNCTIONING PROPERLY
438,6be703b5ce2c5a2f90b43bf685083df97756a0cd6789c4fb887e16fde3c1f3b1e1fbc8cff228ba744d136101f9f4a289d56c014538dd1997648b755425b9c437,30,NO CONTROLS,NO CONTROLS
439,f47b5541e6dbaddf4bb1f1439b7d102d8d1666b1ea66c14252f182873759ba7b586a0d75d644a95061ae12e4771a82ccd638b5f3f4e0d3c523a102f816cac0fa,30,NO CONTROLS,NO CONTROLS
440,47dc1c759b7f545f9c0ebca948bad041e31af2429d4995dcd21dc06abf032ebfc81e2f686063f173db4c79d163cde770e06d1217d1990cd25133d119bf8308ce,30,TRAFFIC SIGNAL,FUNCTIONING PROPERLY
441,6da234ed30119bc1467d90f9e1749dbfae4697ef5b669fe40c0cbf5ca666cc3107bb1467b4b774d2f0c559b13b28655c5fdebfd9764559acd1dcabd5d05c9400,35,NO CONTROLS,NO CONTROLS
442,3bd44cc1af2ca3cd83899e473e5a06447b434638b03a13b951cab261f6f970ec5b4e73fa7830d1d4f89bd637ab029c2f834929b5922a8f01df723af2d8e1d3fa,30,NO CONTROLS,NO CONTROLS
443,ff0e725577475d03d79c54f27bb909e08e6df52582139766fdee08953a78d3ff5a0b88ebb632efa2516fbd87622adb3d0b7d24365c3cf68db317db29179ec2ad,30,TRAFFIC SIGNAL,UNKNOWN
444,722ab69a1d225b9f5c244cedf9a216066ed942367c04bcfcb11f8f0f87301ee7fc443831337dfee61c1b20c3987f3a3d2b6fa79b7c8b58ed3254596303c1c77b,30,NO CONTROLS,NO CONTROLS
445,c5fe1a1df0136bcf97c662aff02565300d975fd91900f9d7540bb8c7515cb4bc63faf3c889c3e091a1f4606e3c9a9f795fae9b4e18b6034c0c85d2e8b73e2780,25,NO CONTROLS,NO CONTROLS
446,8caec0304c7417291eab8b467e9982c92a15293e1fd806a5affd2fe855087c03583527219ef08fd12c6f402b270c676660a9a51d272d780abb5122522a667aea,30,UNKNOWN,UNKNOWN
447,f705724947a07746e087f7a12b925d602a47374777828ac0ee97eb62995921c9ec19f8269753f4702469c1c93aae30a9073597abd135fa136876758b3b44aa14,30,STOP SIGN/FLASHER,FUNCTIONING PROPERLY
448,436e59031a6080fe4aaccfc7770fd6a258d66581718653028efdc0716d75ee36f37b887373545318bc9e9df5e57eac106daaf40c6a6277e97fe575767917bb95,30,TRAFFIC SIGNAL,FUNCTIONING PROPERLY
449,ff30bb325be993e9b119d376ec4feeab5b5eafa3b2787f48afb82156aa6660c7b0dda4f9b7fa917b840b686689fdb14d73aa49bf3de4d0988e5f208af7b16802,25,NO CONTROLS,NO CONTROLS
450,55790eaa4f71470a96d3b34d3ceb9c94661115d6183bbd4e081ee60da6a16fc9f1f30e2f82181eea2b134ebf50b103cabb0c5b325a8ee9e6948507f72390bf7e,25,STOP SIGN/FLASHER,NO CONTROLS
451,dc3a95eb873c13e4c867e824c75258ed3a557d825536a7ba5ff7e70a1a14aa3c9eeb6a9cb8efbc511f57d27c50dd784da64f4b3d425250036da69cec62bd59a2,30,NO CONTROLS,NO CONTROLS
452,3e43d40b1dfecd08500e778ff9c990db7e6246e636e78ffdc4dde82c38ae5b634e05bb473240d2dc634e83c16fde676cffdfbfdaa5f42250dc7aca2c60a98ecc,30,NO CONTROLS,NO CONTROLS
453,dd9d8f0d1235540e89902b21c122337c685b90178d80c186817525f42b69c0f6e2c4c5e990e8e2eb4b5aa876c73f83a8e7391292167c37f01c09559b410a2bc3,15,NO CONTROLS,NO CONTROLS
454,e54178a6241c17c8dfd29b9be76e873043cba1e1b0771c4b56459223d5b18f9cc02b6dd555d688ca304e5ec4aeb1265a148bdf8393474bd0dcc26b7027a982c9,30,NO CONTROLS,NO CONTROLS
455,c9dd18fe56b66c8ad96c1a834bb4df5d1de5ab39c9df8565ebb5219cc7b98cf444044aeb9f72bec6870d33841331c7aad6732066cdb5907b4467e0ec4074780e,30,TRAFFIC SIGNAL,UNKNOWN
456,18821a3e92eca65ba5ab238abf88a3660c46905baf0c84ab7884c45efdad447de5d71694b00867865c983f315026b4ab47b10c619bdea97afe5c5e216a9c7c2e,30,TRAFFIC SIGNAL,FUNCTIONING PROPERLY
457,b9d8ef813c69ea3e3d515b47f5a04e795203ccdacc0ee3c90d1bc96ea922e4ea0170c9207b583091721f98b0dec3b72a815479d8a4da130a334637d7bf897a3e,20,UNKNOWN,UNKNOWN
458,1bf926e813cf398cd96b0bf771f2f53e766ee818fcbcc079c3eb07a2e0ef643cdcf448bf270a40d6b016c34d854305d4af94e7dab0c14082871b4959efd0b7c7,30,NO CONTROLS,UNKNOWN
459,86e9f238b74cde37b6166ce4bd8b7f43ba7c102efe2245ced79f5b1e676b726b395eb584e529b25ea38a88e22f921a5d206568fc179498f4829fa3f3b310f160,40,NO CONTROLS,NO CONTROLS
460,d6a19579ab414d6ca15ede9720b0c68fb07f1ae5e3021752a55cf41e6bf70ad74dd602e6f7294b04d3415631cfd5c8a2487e70d54abd473b1f9438466dbe4342,25,NO CONTROLS,NO CONTROLS
461,615d05a015a14ce996363a3656231f4f0943a6a377fa5414274b65254f93d2408eb1e40c1222ad2ff6c0e07b896e6cb29cb2604b79f22072ca109f090a73914a,30,NO CONTROLS,NO CONTROLS
462,1d422a293af4d4a6c1fe6f240a800d72547e69baadb0b38e407a3e0bd730f0eb3ec4e3535503f71daec18937bf08ed1a1296c064e07c75af65fecb724a8d70f7,30,NO CONTROLS,NO CONTROLS
463,a9be0066aee252898432081113d0d584e6bd774d12010dc3d5aae64b1a731228689de4ca7ec9b13d3418c70e8855dbe8d13c33ec3c5060bccda99fc3a71b3f37,35,TRAFFIC SIGNAL,FUNCTIONING PROPERLY
464,731e18c0a4339d8020bec86c8222ad324ee3b3241e815f5acddd280436e91f69892f08bfd8a63562b4b626037aeff735928e0c7d027ddb7b57c6123730ee14f1,40,NO CONTROLS,NO CONTROLS
465,1c042dd9ba7b6c0c4d7449cbcfb055a0e13f5a3c9675c6d6b16d179d67989b3a2ba054e3c7409ecfd00931eb4d940739acd3451040d670a6a3b18fdf6ea9582d,30,UNKNOWN,UNKNOWN
466,3fadb32817eefb1d5b1909f90d24e46e0420764b9324b8bc2b791824d11d57584307355027fbc273330db272c82119a8e1ca5884f35828dc3908d41dabccc69c,30,NO CONTROLS,NO CONTROLS
467,11fc625f1528586a316e21e1674c7e260f512511f3654d3042694981f6996829089b185eecfb97251764d9c5f93b78c36f70abff0be9577742bfa1c3f8508016,30,NO CONTROLS,NO CONTROLS
468,472b9f83e9cf6106a845cc30655948365e6bb5c257f9f1a712e8cc46e2415f19e9572fe7a81d84ee9a431f73248f2a6d4921ead3ee1904bb61a09c3b39da491a,30,NO CONTROLS,NO CONTROLS
469,cfd29e5ad5c30d58f7095edf00604d7133dbce110614b936097a93983ad0f03008c9e1f5ea7f5bdf07d17eeb1db4ad8d0a1f9ff34efa02e3e927516457c0ae28,30,NO CONTROLS,NO CONTROLS
470,206f6f385cade3efe680db7803b378bb237c0abdc5d8b15a5effd88bdb1ae21a613a9cc0c02a30ada9e04f302e5e901f2dadb4ff79b25bcccf6e3f398ea68bfc,35,NO CONTROLS,NO CONTROLS
471,21bc8e242be73f3da481ca83b20d345ec6234817d1547d1281dbf255953a9792455535558860eccef5a020a0bdf53ffbae22a05d41ec67e4ce3c25c062c8f529,30,NO CONTROLS,NO CONTROLS
472,481ccff160414dba2b16f13f7a69eb8d4b9cc44d07a437a292b555ad1a6719472ecf4389a77b74521ca6115b2286afd98c370d0515c749648639cdd883761188,30,NO CONTROLS,NO CONTROLS
473,e43684c0378b93e729af8e23424994215a2776617b4108ed0603ea6a7d869cd7c780fbcf35920a27eceb2fd3c874d3d66541da492d8e2a8cd9a57596212479c0,20,STOP SIGN/FLASHER,FUNCTIONING PROPERLY
474,0a5947b70c18354ce14c019b49676d782403e46712a7e682e458fccf714ec735ca49f2af9ac54474ff4553cff33da26bba2fdc3b58311f81e2f38d3868b73ee3,30,NO CONTROLS,NO CONTROLS
475,5a6fd2e77889fdd365ae307700e6106e500dc5ae2bc9e6fd9100351e22fb371075fb7ceba1ae83dfc2263f7b77833b484cee05a9df8d201da19852278faebd7f,30,TRAFFIC SIGNAL,FUNCTIONING PROPERLY
476,10625d2df0dab9129160934542c267574870d10748c50fb6fa42f113e652e7c3804d54d9163d269d6a9e26d6493a561f863b4c779290466ecb4e180fdb8573bd,30,NO CONTROLS,NO CONTROLS
477,7881486f944fa93e670189fe04abf3116e6a7e8d2847259d3d53d9e1e6943979162ed0994057c1b1e61cf9b18f6dd25a6044987484f5c1581469b642dd0e57b5,30,NO CONTROLS,NO CONTROLS
478,560981ec2410d4576b3d813846d80683488285db342aa54a9b632d5c6cd615f0a3ee7509801e90a6234ca4339c81a17302d5c2bfc62b348fb3c9ada9e0688aca,30,TRAFFIC SIGNAL,FUNCTIONING PROPERLY
479,499bc5bec4c850908500c2781158b023be373c22a8fb7c7c656fbe6d20ededd49cc9f19ce2027bf77f692916b5cfbc34aaa0a20412b60e0a55edd451b3055886,30,TRAFFIC SIGNAL,FUNCTIONING PROPERLY
480,7ade1672e0e21209cad1b02486a7c1885f4c7d08640b0cd1386e497926e666b7021196f9c5082c8d1a3e9f1770b34db2999e2681370c5f49b692adf94da58cba,30,TRAFFIC SIGNAL,FUNCTIONING PROPERLY
481,7c7e622c89fe06c471a4daf13c8faf04af8e1a7a60261b936cf784d6d843025b2502cd4706829df87d62640f042a13f75b91a7e3b0b9261f376b876ee0602dfb,30,NO CONTROLS,NO CONTROLS
482,b50d52a19285b84da2952150061b6d2a645827fa26e8c9b878a905ea180a8dcb4ef31bcd424f14e22f07b61853f345e6c663097210b734adb815b8d690942788,20,NO CONTROLS,NO CONTROLS
483,5b01a1dec4408ccc124992ecc545b87607bc49df9971ae155d2df81d3cb5a9c580c7f160043899c5aa8b5c89bcfd12d691262952c29c73a6a1e1474fd3b8a1dd,20,NO CONTROLS,NO CONTROLS
484,077e844d4244ad765d1b1c986a0ff76921d9b03f19d3207f90be85a8de0070e02d21a35b6a5ecf147dedc72dbff27531843de105f630ab467966d7c8e4a9b341,30,NO CONTROLS,NO CONTROLS
485,394a351c0ed1f8e295d9e40b8d1c75b8a168b376d779ed9f205147c7498a6b4ef08497bbf179ae2a62bb0c4de4c2d2812a9c212723cce3752847e93d8d080795,20,NO CONTROLS,NO CONTROLS
486,c216ce723ef28538d5679a99f7538e9f9d11a54a6af408988705ba9dc16005bc83115612b285bf75b949e7f202bbe89bff3bcba57e68503691e91edfe8ad4db1,30,NO CONTROLS,NO CONTROLS
487,207bf093a894bed7f3ece104efb182a1e18dfa7b62a8f097bf6a62a7979188cbd7fca3747a9f2c7df0fb903ac464ef7f1fa22bafd8a4fd2fa4ed552fcb51de71,45,NO CONTROLS,NO CONTROLS
488,3d6a08c302d5aba3513b09f9198d4693861ea70d614c8ce14b4d7ed5cde5cefaafe250e7496ea5ba24b64e54862e7d01b75253baaf7f3122dedd1bf76d51ed07,30,STOP SIGN/FLASHER,FUNCTIONING PROPERLY
489,927c3a1166cd356fdcddb2a148f037c374d18038a49cd1ce5d74f7f634d7c4b9722d46006cdad9030b6a92fa35f8dd1d717f5406220bdfbc530dc7438543ba3a,20,STOP SIGN/FLASHER,FUNCTIONING PROPERLY
490,879f296efcfd8fc302d6c500d622703cebd4dba0955238dfb1bee031420f947d028964e52a264e7034328bdccf284ee21d2ce46c34790fddc62a5c9de3ba0dcf,30,TRAFFIC SIGNAL,FUNCTIONING PROPERLY
491,05421997245229a0b01f8c2b11359dbef1b86112ae0d3f86af8ce9b169c2d9b92690679cd39bf94246a75e4ba6a34c451de1fa01222aa7de9053c9f959c78d0d,35,NO CONTROLS,NO CONTROLS
492,68d0cc4bb8f57c9203c123d5a25976d49fe1442c4ad6c5a16dcf061ae37c71467f7d9c23b9a0e4885eae6e24a1ab0b592ec085d8c27b5be582e128f9981d98a2,30,TRAFFIC SIGNAL,FUNCTIONING PROPERLY
493,88060191d495648371a7566f5b0ed2c29ea12022893279e73e0c99362c8a4c971cc415b63420fc9fc52d21c407361b36cdbe1e7b860954f2bb52f87cc9439563,30,NO CONTROLS,NO CONTROLS
494,421cb5fe979fb347fed9945ee2caec023ea240d41d4cac4d4c6aaa40bf3ef046ac8693b88a92cf5c6a3ee4c35d944359b5182c3847e73efd74f90d8c8152827f,30,TRAFFIC SIGNAL,FUNCTIONING PROPERLY
495,3a41de24b1384a2593bfadac45b33e20661b33e3da969fc4c32c9a67d00b6fe7f26d42b5c980f69e3c6eb5bd0c651ab6929228f7c7c5dd9e237550bd1fd4c2c2,30,UNKNOWN,UNKNOWN
496,9bc7c0b239a39a86a2586223c664db6fb61908aca0aeb6178c998fd890eed688c4cc31153f1e7d11dc163dde2cc49891508b322f4f0005280316cc077a398666,20,TRAFFIC SIGNAL,FUNCTIONING PROPERLY
497,0be2d057f8fdad6c4cff14670953cca7a6ed249e2a3ea38d77d9f03de932c436d675388f400b0168500de14b4ba23d85be48c3dad238b42ef1ccda74ae998f65,30,NO CONTROLS,NO CONTROLS
498,5b3b890d0a5cdfa6cecfcba1c5c5fcecb7ee963fe78dfd99efc4018c42bed3b146561e93f45ff9ec04ea08abfb17f4508aa6cc140169246409bd25d9c04c0364,35,NO CONTROLS,NO CONTROLS
499,d16d373651511a42afe18c88cf52b1c05deef0b2dcc01be9ce6bf552ec4e3b642031e32bcd35ffc391e9546b0a6d992e1f8779f7dadcfe70109e2a5a029d81c7,30,NO CONTROLS,NO CONTROLS
500,297310c06aa1eaf64f6db7f47780a2b7a7e72eb5acbb37d353dd1c632de4489cdb26d14aefebbc67739627f29b26c123d8340a7edd6dadb1964b0bb78c07b88a,30,UNKNOWN,UNKNOWN
501,2bb4ea2b77770d113fc7ddf49a122e2a48f4f94f620d349f481b5a2be8f56356ce756ece5478e72cff81f6ed247b5002de6df03f28a163f59def161adcb29b08,30,NO CONTROLS,NO CONTROLS
502,17a52c7ae30964645e66477bedcc60c8d7611562c351963a9fddaf2938bf220ff73b249b35b8d37fca8d3986e07a795a58f3d7f08618127518e3b82145ca51f4,30,NO CONTROLS,NO CONTROLS
503,39b9953dcbdd2b6490297a0d8728bd238133c2a0b60254b29877ad561c6e6ba1c04853a276bf0d40dfa4b5963a58b45ad97f6edf89c9e093af6b5acdea0b3eba,25,UNKNOWN,UNKNOWN
504,883ef87b0bf4a1ca5f1af3905c13459be842df6866644cbcc0583a1064f53c28e0d8dbb8a38d08e729da8febb54c6b22fac7f037ccc2b83dae635ae6ff04cd74,30,NO CONTROLS,NO CONTROLS
505,fb1b1b6046d87db11477a1fe3bce7fb880c3bd7fc581e9272cd8a4db3f7be8e82daba27344f39de818f4b7f5961450c029fb8bd281a1d373adcc029afc55685e,40,NO CONTROLS,NO CONTROLS
506,0e424f11f7a1931b4228f7afba768fb9498744a6e3bf96787118560c04ca18e02c3daa76caad6870fed7fe6d8d20f7cbd3c8c99f93f52199ab67423485eec66b,15,NO CONTROLS,NO CONTROLS
507,4f1c3b2404915d09c2c11ae3a2d38a1afcf4c5e617b3022241b85ce1e173179d5837dfbf444bf28637d87fc93871a359e12d1269f348fef193b77c1b700aa333,20,NO CONTROLS,UNKNOWN
508,bef454992d02ecf68b762fb64409d2d11192c70961cc08369fc72bbda82e5fb983034a72bc4b51bf9141483ed1d0b1284f3973c65955ab216150c711d232f3fc,30,NO CONTROLS,NO CONTROLS
509,8d77154a5fb1b12148ccb8de9d0842669693eccb2d3467750f656b0dd2046cea663b633e0c0d871a9ad2a1e38ee370b88b12c5b821ef90b721b67e7f0f05124e,15,NO CONTROLS,NO CONTROLS
510,41ef615246a5e7101603851daa8a2ff113f28887df3f60ba87904819323777821a4095326a83067d4a8041188d00f5cfe70ec9bbe98a3bbbd46f5272621bf15a,25,STOP SIGN/FLASHER,NO CONTROLS
511,11031efe9199f6cd04de013276d6d8e400684a6ae8f149cdecbf6cf14c08b5a1ba333036893fd8db771206954374f17894e7b03d34049a878cd537f8a140c588,35,TRAFFIC SIGNAL,FUNCTIONING PROPERLY
512,adf58eba5cf83bf48a73387723f5498d759c1443ed5ff5c917d3eb8610fa18b97656299f51b1987c18d8c036f63ef2f4864504c5fc28843d4a7d82379813006b,30,NO CONTROLS,NO CONTROLS
513,56d53ac83bb3c628ac20f120a21aaa4fe534bf4b23c7ebc757c9545d70973afdfa8273b0efbbd65b24ade369ee807400406635fba50092554ae0cfd56eef14bc,30,TRAFFIC SIGNAL,FUNCTIONING PROPERLY
514,67d8c73d6cb14d1e5f61b3be41b42f1e4b33277458aca71f9d35d89d58c426b16afff3b8beb905e88798da7ffcf0ccf1de550fb2417ca3224fe2bb4bf33a79d1,30,NO CONTROLS,NO CONTROLS
515,400257fbad3b516dd868cb7a552e62aa7403bb4855c7b74494c39ad111f1618f950f9dc48b3fa4fe59917524a616848337b55878bfbb8f8c2b16eb8cfec07e0b,30,NO CONTROLS,NO CONTROLS
516,b9fb3cade95876cd726c9356bacc49ac8bb63abe6dfba29d3b0ad2e46261308dd79eb2942f53b776d20642771f64d10fd6f49d44175dce8e965231167a223c46,30,TRAFFIC SIGNAL,FUNCTIONING PROPERLY
517,a16aa25dc585aa3326b1566215dc30607e669704f32ad5a4ad36c02790c3fe7ed484ae63b3e5221ef3cd0fb8ba3fce3580001907f7059e11af220fcf9bcb6cad,30,STOP SIGN/FLASHER,NO CONTROLS
518,c21981de8b1e3a8e3d3dc49c93db20e994eb88be9af6dbd138cf5bf86783ee6461da0f06af5033ba33790c28e3a1d6d0875e9747ac06fa57f58f538454416401,30,NO CONTROLS,NO CONTROLS
519,276468f0e88f5cd7daf0e0144609cbf6cec20d28c83ee34a73bbe67d18852215d71222d49874a1fe755c2b9a644867d5c7c11bb6dd32da46a53acfec81c4e8d3,30,OTHER,UNKNOWN
520,fa4ca26b8c31a319853dfc09717aed18129e278a7b80885cee7a9471d5f6cce4fdd4d97972f18087550c822cfadcf60552740353381667f17a738a022800251b,30,NO CONTROLS,NO CONTROLS
521,e7783b036632827bd4c033b700b802f01f4efd8de3316ef65711e72a60393536a2a9c7f8c2ce1fdd896c5e1c5e46022442712c9c345fc243f557c5155246c36e,30,NO CONTROLS,NO CONTROLS
522,5054c4ad2987b2d033a6b1b3d71ec65bb3a2d709fce7741d714898966d859f17b04e0acefc0f1450823e83c522b24ab61627cf9b65bb45d7aa3e17645236ee84,30,NO CONTROLS,NO CONTROLS
523,df0a6907686e3834991f94f0f46c9943def3e282d47096ff06179ff525e27fd38f3038c185037367ce097d1db00d456e0887be03dfa7c76a54bd7a003f77853a,30,TRAFFIC SIGNAL,FUNCTIONING PROPERLY
524,6ddf6831a2c4f57114e13f7f04e246f37de4bb192984fdf0b7e39ece7b053d6caf24a45b1cea8173d33b976468ca71ebbb211267f8e4cb3a063ac58a6132c0bc,30,UNKNOWN,UNKNOWN
525,869bfee16e2142bf8578341715f24dba5ed24a5cbefff544b83625c0fb5d479fb28eddc6c56e86db7817fce4accc9d66737e0a42e9a50d7e30302704e395a1a4,30,TRAFFIC SIGNAL,UNKNOWN
526,3e759452157668a95d4448d5233d8502c489cd83f6cbdc5c69e925c6887e24f808db297e046c29dfc9bec3879cdb3669871a5dd40bdd5704dd54275f29330cf5,30,NO CONTROLS,NO CONTROLS
527,82e1d72baa8c7adfc784e5af4b28605ba319d97d96d000e4ed5cd68a91d6afc1b75c0888deb90b96fc8e97d0344625afd84a46f425dced9498fb46413b9f227c,30,NO CONTROLS,NO CONTROLS
528,5d17a6d01b04a419bbd8b2b793946965a00534aa7124af30d0d76b130a2e991aa38e961ef87c01e14a0dfc924a8be2f1a6164a19b4f2f5e95f02583e77254f5e,30,NO CONTROLS,NO CONTROLS
529,f53a97888c7a300bf027857249acfb834e12041e1a6a34e031698411256bd20a1aac61d5139e2ac7869babc00f5d519c079f5d99e77ecfb0e0f57794eea3ad96,30,STOP SIGN/FLASHER,FUNCTIONING PROPERLY
530,dc4c4f7f1e8ffb47b65002160bd7ea4fe6805190be6a6fb2a81b6a62bc024d05d435b3b755b88fc550a64e6770421e2d17fb97eb9695c02ad1cf442389e1d9e2,30,UNKNOWN,UNKNOWN
531,e863a611350ed0924ba70b54aa9981ee26c5b12685b9c8df85f1e26023175ff026fddb3688b11cc2a27a12c4b4f695be0ecca167ee325d44007c22aa6bdc9026,20,NO CONTROLS,NO CONTROLS
532,47b2f25bc397c6711a32003118968c66e108543ae419d24f8d979c7309768d1c0d42a0e07a5fe4e60484cb71668bcaa24ff7d57cfc00cdc51c1d3a5eb813abc3,30,TRAFFIC SIGNAL,FUNCTIONING PROPERLY
533,a75259011415f5822db5f69eeb4d025bf8a37df6434e526adfc9ef4604721db677f76472b280913eb03606b6c0b6b6ff54fc095f87f41016a23496ce77823033,30,TRAFFIC SIGNAL,UNKNOWN
534,0f8761cbda6fe524b88186f9ef0367cdc5cb5d230bbf35d497cd52031fff23377ac3236a6a71b14dd688c935bd5b1b2f0400787e2dc45c7cc5e24fcdbce4694c,35,NO CONTROLS,NO CONTROLS
535,a972768492feb3179cf245d2f09659455d4a686914d3c611910031cfcada8b1fa2ddd0361b1e3640fc0ca021996ad775ba7bd1930ab7a1dcd70dfbece1da2d52,30,NO CONTROLS,NO CONTROLS
536,3481c162fedf89d3c6d913cfcc43ca7cce3546ff936125408b0d37613dd3e1827b732a06f190b89d1b21e953dfac86e50c45dd581313ac19201351da052d60db,30,STOP SIGN/FLASHER,FUNCTIONING PROPERLY
537,a8a6e762534168e96131835fb6a701cdb466f215ef91cb31ea4f06d5a6649b6c35abc72df2829bd7df6bfcfb50ec171009760e6a98107a2f3a1da090778cecfe,30,TRAFFIC SIGNAL,FUNCTIONING PROPERLY
538,55aab0db6837cf4ee79c6d0c9c55bc07e832b4c5fa977d75feddb49a26f0a4929c291a11563ac9041acdebdb4f67507c36424fc2bac65187b8e8ad80dc4b85ea,30,UNKNOWN,UNKNOWN
539,bf156555c88f1f3f953932b11f30efe1430e006f2a6f378903cf51f3bce3f18eb51b0f79184b0bf755b4904a9916fc6ef38a3630977587b446834a26692019ce,15,NO CONTROLS,NO CONTROLS
540,22b0300ea9ff18709b16940accb60a5e33115681d2ee674f970dca503569545a81abe551d80dda35a437a97974107cb5d0df3aa3a27ff7b6c262e006d9453970,30,TRAFFIC SIGNAL,FUNCTIONING PROPERLY
541,7ea5edae7b5a1554de2953a7df6017e142a1fbec8c7963385cfb9a7c8540da6e1a0b0da0ba443156df8e1bac08d76b27ebb5597c6f802b0d438656d65196b3bc,30,NO CONTROLS,NO CONTROLS
542,86c7ef161322fa9ce9ea0bf1d8390f1370a6ce8ae8410eb41f30da13a4bde3d4bb20ebd509da073352b87ae6283ab185421d8cded1a8c0b749e015d40c7b3455,30,STOP SIGN/FLASHER,FUNCTIONING PROPERLY
543,e19a0db0a59038a53c1c72b209badb75da30bf48575b2d27d53f42cd00415b5ccda18d09e47a147163c86d6548b49dd6d32b753d9c42855faf18cf06b3151cef,30,TRAFFIC SIGNAL,FUNCTIONING PROPERLY
544,fde60cfa714d97762c10f2067bcc3708643acf6f85d9b517ff56cdbcf0220bb7d000406fb43eb7014b4a091397e47ad8d792137596c9d54aac14502fd28de5be,30,TRAFFIC SIGNAL,FUNCTIONING PROPERLY
545,41d22378a393b25a84c1b5b54eead0c152eaafb8e4f521c61bdcb300db26fbc802a61cd9538af3ea19265c728d276cef6d7e171e1f42b01285136fe1080a1175,35,TRAFFIC SIGNAL,FUNCTIONING PROPERLY
546,a9b1bb650ccd7d5b17fcd438d723c63b990cf3173781b3f4b3b6f2652cb4c76e9d41f59ace82eaddb38b68710d4574183b55044cf1d1441c5720e1a101fd12e3,30,NO CONTROLS,NO CONTROLS
547,4350981fedc6dfa39c18b632307a888474f5ce0af3d5bca2b736c85a968665b2cbcab4084f59568b9e289ed0abbef01957acfd05d85233429e4287b41cf05b83,15,NO CONTROLS,NO CONTROLS
548,785bcbdbb4ea45bf3c97635d6395d79aa928ff51e914a5dc372af50e7574a33e2fe35acd9b92f981367869c1158ba7cdbc45fc19fa952c74fdfbff5387be4b9e,35,TRAFFIC SIGNAL,FUNCTIONING PROPERLY
549,22403d531e4be19b8450a578363924af6ca8e7bb3e74fba3f0e4c0195b15023505b9ab085e7ab4470b22579be96c691cd4afd8dc0ecf88ca9540ec8be8aa7c21,15,NO CONTROLS,NO CONTROLS
550,e2b9fd391c3a60be63a4189d3ce3f9ec1f2b1b033b9e1d60fb9e56783d938ebffd0112192e2e6cf8a432f9e11d7dac933c71a8cf06c2e93e89ebb389de6317f5,30,NO CONTROLS,NO CONTROLS
551,f491e2719972b5e721b010bba99fb1d82fca3b433bdcc187ee7ed695a40971e90696d24071f9cc3d0007f3e93c4b1d31a669d533a6939bb6105f84f38e382b83,30,TRAFFIC SIGNAL,FUNCTIONING PROPERLY
552,ad7f0e10106e952bfaef0b5b98b25fc9ecb522065ea08e715e9084d4fc168519dd5c50f129875d6c214e1ad29d6feb73665122d7d3904edcc3272875f2d189d4,30,TRAFFIC SIGNAL,FUNCTIONING PROPERLY
553,82e9552ccceb32fcbe22ae90848ea4835da26eb0da4b322b8fbad207b27267a4f58d562249c3aadc543606700b18e1ba7a4dd29e26f167c4ff4458d9456cafde,30,NO CONTROLS,NO CONTROLS
554,208049b7eb9d58755f4619cc34c7c2a94c6ab37e868b6e98daabb497060001e4f1b1ee8c3abd855a54f0fcbda555cc9711bd951f707ae8d89a6a9f5c62648bd1,20,NO CONTROLS,NO CONTROLS
555,74418a5249cf74c40b33ab43eb80a53bef8c0bbfffd621da3a721ab45c7b5f13dc49e579c041376da0b41affd3d27d39c1c99f2b1a49fb6caee89228bfbba967,30,YIELD,NO CONTROLS
556,d45b9e51bd975a1ba0b40c4e332f2f87c4b81d04daa29e8fe1d9fb0078f83e6f2e7295eaa249448be6bac3688e123c700682b208d9da55d8423cd33cf91877c1,30,UNKNOWN,UNKNOWN
557,85d2b04bf8d3513f14f610296446175f2d17d4b3ed9d24697ad07a1a578aa941aab89cbbc514b5d41e7d53de16aadba83587b2ff84d575894fd3fa30879207bc,30,TRAFFIC SIGNAL,UNKNOWN
558,5c6031f18e4299f15528d9201fb657dd5a3c7fa26f3b1fdfee45d0771903553d93ea53cb61e8cbdb2af540f9c192b2f105e5af10809c716d5280b10982dd3933,15,NO CONTROLS,NO CONTROLS
559,de9619fd3184577c5ffeb65ea7dfe87dab30ef6a71ee8d2e9b5920b2e94666d12be377264d07c30b4f1301347d4c72830e2c707a643a10280aecd7c44a24208e,30,NO CONTROLS,NO CONTROLS
560,e1797157d8b9063fec1afaf8c211de4d6467b10cf56c91f503eee507a5490002f3495cc112e88013670d1ddf229e5eadf5d76877b5d0a90be2528e6542cb1d87,30,TRAFFIC SIGNAL,FUNCTIONING PROPERLY
561,fdb186066b13a6f67b7e53906b2925ebf007ea4489e95b515609d5db302b6e5286d96994e63f9736f066ef7d7424f612fbbe3714d1f79dec871f251cc6cdceb9,30,NO CONTROLS,NO CONTROLS
562,e89ee036d260115763ad4487090a6e5ef13708db4b676db0ec1f9cc11b281e2a94bef2133f7a1ebc8b0931d80250c0f9a3d9a25d74fb85b8fb3494dd09152cc9,40,NO CONTROLS,NO CONTROLS
563,67dfe90c93a6df467151639804e2401fc07917a8f0cc642fecff65d68e79787c87ccd11df4c1a0562f80cb79eaa244c38e6201df90d52db6ef163fdfbf1b1be3,30,UNKNOWN,FUNCTIONING IMPROPERLY
564,c0c50cc21aaaff6912eda234597b62eb7e9583afc042c78777ad928e962ebaaf6f82921b93b3298b4f8043f7e23b0d213bd627123e00bee44019fb6fb85a5d17,30,TRAFFIC SIGNAL,UNKNOWN
565,2bab1cb58844edb58eeb30372e3f13a0d537c822360f1df690b250118e14af7839761492db13bd100b0c58cf53646e194cb7d7441009def9feb94074f5642134,30,NO CONTROLS,NO CONTROLS
566,8f2f9d6493dbd90451cb0579bcbf092ccabc5868c62e1d7e2d825f5f9d73c5a665d2940a8550f2b6e19a9fd0d340b85d47d3fa812872a117a9e4211e6bd0971a,25,UNKNOWN,UNKNOWN
567,f3c9ba3575b3af60386a7496e2171eaecbc7de96fa9bd17f4f3d0b91dd59ea7910eedae7452b59ecf76e661b74865d0627f657c37e18df8752954058b3c13331,30,UNKNOWN,UNKNOWN
568,ce7db3d975ad0c1d8f0effe830f0456fefec9d9044d3034d1c583cbd9974c2b34c5e1e8140ae24acf878602adfabd3aa5706b51d5c4f336601248b2147fb2790,30,NO CONTROLS,NO CONTROLS
569,e56a122fc7d940bb316fa438330e7fff6e6610ab4fed160357db050d0ff3aa4a5ae1c147faedd083dc4fe59f35ffc99fe7d06afa1ab151d5b4432ba3269af1bb,30,NO CONTROLS,NO CONTROLS
570,f43d4a5cfd21fc8b4457d17281378645e638805d109da0c757ef0ff2e9db7c3971cf98dbbfdca58184daa9c2361e70a00fc447cfdda4b01c4f7943f0ad56ac4b,30,TRAFFIC SIGNAL,FUNCTIONING PROPERLY
571,f80885f4f4fafcc941827c699ebc65212b6cf735daa33703cd96a7de5cdbf9008a8f1328fffd4f485d12440e0f9bf3c334c2ca010188e15d80d89facfd129ab9,30,STOP SIGN/FLASHER,FUNCTIONING PROPERLY
572,2432eca2e1dc5ff22ed00efd4e7a632cb2a8eec583aa772cf9def54663609b4f5509d346205545e4973d69b78e42638e611072155ee242bc72a8e1f4c6b9bc6d,30,NO CONTROLS,NO CONTROLS
573,28b7f319f5d4fa25380e6f9f92f552b78daf373b578bff47fcc8da947217fcb2cb26baa15ec72f818bba5ca31623a5d574306c506e9f1bd5f724634b8afda763,30,NO CONTROLS,NO CONTROLS
574,d53890ce2ad4b034e247c329f99e5e630c99175d53c4b38b946f1afdb80820627787aa3c52ce1f12963982a67fba60e60fdcfaf16a3b8b501ed842feb662eff0,30,NO CONTROLS,NO CONTROLS
575,5290328b34786afe936a5abfd51d89995b46763a572f192c606ff28b58a7bfa73379157d0b066d4baa7582ce4e4c025dce34e036737f6eac00d73e0a23ee7f4c,15,NO CONTROLS,NO CONTROLS
576,094f0f37ac38c1edcf2509da816eb834a2e00a4981a7a74d2166952c434f8ce8bfc81436695ead43a7d0bec1c91bff23749a059575dc8087c979765ceb58392c,30,NO CONTROLS,NO CONTROLS
577,f59417fe3cda1deb83d75a87a1b953d101f1605e39148529defcc2b509130d8ec4be81500f021461d5ba1f21f14d8bec3dc0dd183a15c75febbab839ee677825,30,NO CONTROLS,NO CONTROLS
578,aac3fbf5273aba22554d7fdf5332a5ff3039076b21afdc38d584da8bf1d4b0875bb73a1a9e94a7e3b50d00bb9d807ffa1d06abccc01ecfc5762d9f3eaa5a408b,30,NO CONTROLS,NO CONTROLS
579,c3d679ac4db32749f398afe18d9c152fbd8bccee519d40577bcde2b421f48e37d9e1050582202c6b0176a36e9ae8fccf95ee691bfeba11a4d32f1d9b470d7618,30,NO CONTROLS,NO CONTROLS
580,04323de8c20592612fa63a6e75b53eba61628a0302986708b4e894f6da0e16c11ad5a6105da14cb82339d87257fb6f9e914899575f9ef3e4b2d90defb0202dc3,30,NO CONTROLS,NO CONTROLS
581,7cf7e262545d7ca5b4427b217af6f4696187182eaeb8f83a4160b2aacf3f720ae9eb07a5cffd6e0f98439b91c6262d93de14989404484d112ea91f7f5365df61,30,NO CONTROLS,NO CONTROLS
582,725c9a28c0b8796e5ae4628feb8b46dcab952cac8147ae7f98e24bb5f0407806305b0032dc0686fac820c375726dce08c8ef129ddffdab58df76a3cfdb52ec0a,30,TRAFFIC SIGNAL,FUNCTIONING PROPERLY
583,1b06e6918ef598579909c797aa5784313fb7d08e0f8b8d8e89a4fb5bdbd8de635600ff64bf2c5e887829afbf37a5ad2fc18bb312c2b812685bc753087cde5616,30,UNKNOWN,UNKNOWN
584,244ae2e0f721e5cf73497747880310723b30ce4cf2c535f6b1d8bdad8c72a9412d5488d8e4bfaa321cb1dbedc383e55279179cbcfb572c34f3941df98c44e897,30,NO CONTROLS,NO CONTROLS
585,e615a4c9c43fe71af1dc021cd2379c6f3bdda1d6f30f0b7afb9e91021b60c7aad0660990644de2cc020dba3af507bb753440453426990d453a9ab9157d38aba4,30,NO CONTROLS,NO CONTROLS
586,ceb1b22a875865c58472981d0a98898858d998802715c0583b92b66e64bdd18650694295cdf596d48c856a408c9330bb5b952ced17dc2cd7992ee788ef4ea22c,30,TRAFFIC SIGNAL,FUNCTIONING PROPERLY
587,f44f481a7d0a73736ccd50a00b312f7a7aac6845579bc0ca89a396281dfe4d57e10ccacb068fbc5398863a309760a56af1244fed710c6ce83f6a77a52c08a313,30,TRAFFIC SIGNAL,FUNCTIONING PROPERLY
588,5d5462b33b41c17fe46d82993be337b6fc3d477c55c4774afdb848177b63f778217d952722d07c89fcbc20d6c0caefa5f7a4a7c188ba06850d802a2f90570a0c,25,NO CONTROLS,NO CONTROLS
589,da692150018952b083082260cb7f71279025946d96a52e2e96805464a9e411a0bb3e248c0366fc94242248a388c7cc744b855d2e940da5b3a90a20c0b405be45,30,TRAFFIC SIGNAL,FUNCTIONING PROPERLY
590,d363fa0a6bd73e029dc236081583090e914ef3fec3472d9da2f70b7a732b23ce4ad466c21a9b9be879e12eb8d9cf19b2f497f80c522d091845fc40f4882ef8ca,30,TRAFFIC SIGNAL,UNKNOWN
591,f828cd29c2414ffd8be7a5962d9408801669659d39a5b494364e2af3ffadd0717372fc8c9cd77ff86c045e8eede7b94a338574f1354569a552939ec71a9a383b,30,TRAFFIC SIGNAL,FUNCTIONING PROPERLY
592,301cbec37674f896e2f646d323ae5fa8b66450788e8d254301069bffc01149b087f944cc729f83b5aea00a941cebfc73a321d5f66bce6e0ed1e41943f8df1057,30,NO CONTROLS,NO CONTROLS
593,6887655561b0dcc2efa40b9b2bd8589882cb723b119f914593675112f113dde6ab43cba526b44e9cfa65eefb6ccee2dfac92a2c0536f0bdcfeed56130799cf0e,30,NO CONTROLS,NO CONTROLS
594,3865e7faa01b3607da39dba91c4564ccd4de66dd0c802ae5a84be3a0f0676277c3563276d22378bfb4fafdf2f78879110b124a15a4c8e2f2738cebb514d1bf6c,30,NO CONTROLS,NO CONTROLS
595,b694586aa1ca214b16b1891bccddf89b1edbff0560f49bb9ba654afe7ae13c822ae33cbcb55aeeddb27d53bbbe32284432506b82f836b28be3f9bd7087672d2d,35,TRAFFIC SIGNAL,FUNCTIONING PROPERLY
596,0a797c8d252a17565a2001d6c5f5379929905cd25d17ff859391d71a0ed6015acaf6c8d9a5c17473253987fc05fb21c677cb5a401a9acc4a00382b304616020e,30,NO CONTROLS,NO CONTROLS
597,9be893f13c0f1af2175d64b919706e53b599c36cae7318f1b8b8fd9babf37418500aa82d55e34dd0f3087ad69a597dc41b6ed90e1e3db123b8dd488ddbb6919e,35,NO CONTROLS,NO CONTROLS
598,57f28890215e0e5255f52c120e6698041179ce82be823992bc46b44e85290ff77e24372c1cb98b4052ab51549d3813c0fe0c8d9b71194f5b6be564889867c9e3,30,TRAFFIC SIGNAL,FUNCTIONING PROPERLY
599,132eac7d4834eaba1f6cce1be68681fcb4a8489a15252f34b7c9d7083889a233392b7f983ce57443c60f75b17c487b9325553b7962a322dd5cd98c828038028c,30,TRAFFIC SIGNAL,FUNCTIONING PROPERLY
600,f12b9e26cdc3269e8e8daf08e577d9115e2b684a90bec3ef1492aa93e613fecf6fbf2cd41fce43adb3d652cb15df1d00db2c62c68061520c93825a1068964831,30,NO CONTROLS,UNKNOWN
601,72c856a6c5d27a75a8c6923ddbc51bfd22898aac06bcbdbe75c11dd8f9cef79b53dde1962a31a7d9ad8cc2f8d581577ffed3b6929eba6f0bdf853cdb306ff0d1,20,TRAFFIC SIGNAL,FUNCTIONING PROPERLY
602,8eb7e74c096b714eedc011cfecca19ce1ee792c4c27476545e0884e5fdeb9ccde895f721215667238f42d9b47b0e23fc13da509ad1762da2b3b9f3a230e2682c,30,TRAFFIC SIGNAL,FUNCTIONING PROPERLY
603,7bdfcaafa71e8087b8c209431c8e54bf720ffad2b6c3727fadf4d15c5448a73673fad59db59f7f23dfa630637993fd8f3bb4ea3c8e332046c70a9f725c2ab17b,30,NO CONTROLS,NO CONTROLS
604,ddef441c0347198cedc0e88873da7220c5e8ea0edadf88d970a2c1484f1ad3e9dd7dbec63a5cd15a804835f66b375d11e8cb734a7e09dbc08360c7d3447b0ab0,15,NO CONTROLS,NO CONTROLS
605,690ff0ba2d46b4c36883f689e730885c2ed81bafb75392276e055bfb0842a31fd906a3282b2c07c189fff7d7e1ba948b54412a54155510a4e8680146c687879e,20,NO CONTROLS,NO CONTROLS
606,8517cc8b5ef219429ad6a6eb97c89ecfbfe4e96a82ae21602e166f548ff4817502331aea2df53bb6e9b83b6d32aba60a7cf44365d0add8a030c73eabe897f14c,30,NO CONTROLS,NO CONTROLS
607,8f83b3a508d34c071b6e9271929e8a3d58be348cb9465a6313e42f75aedab539dd01b7efdca3c5f3c011e45b79dba36605a9789e0ad535016b2771ff12bba0c1,30,NO CONTROLS,NO CONTROLS
608,0d29aec09c6825c1532db7d6eb92c976960c46ce7b334f0fca64304e937a4a1621795dcf69eafa444fb1aff88a9c6db09cd1f90e93c45ec570a819018e854acf,30,TRAFFIC SIGNAL,FUNCTIONING PROPERLY
609,ba6d4774d85aed8a5d233f747ab059163c8fd4528d25b1081bb730d908b78f9ca77dd04c5a022b5b6f9a4ea2a5e5c8baadb04aa5dccdf45ddbb04da859a45cb3,30,NO CONTROLS,NO CONTROLS
610,fb23ca778d53c3323806d26a8b02767b2f635a1acb921b655bb7d10b2a93d36b1806eeea4e4ad20f6be280f40e3e95d54e59b5392da729b83769f2ab8fc483fd,30,TRAFFIC SIGNAL,FUNCTIONING PROPERLY
611,a25b2776213a62cda26c29ec6fdde34e5c1c184f2b97b04238fb1ece3ebd2f81514f3926f821dfeb29685ee476115fb62c4d2a75d180fd1ae3e0923aa4dd0685,25,NO CONTROLS,UNKNOWN
612,1f7c7987831cbb1331327704ddb7d584932ca47acd0f3076925d9e3a4f9e47021df28127ca78ce4e0aee6217bb572753eeca3668f6c71bfded2733aec3d3e7a6,30,NO CONTROLS,NO CONTROLS
613,4e83e03f0a39edff34e13bbb02618daeeff4b5653d7b40706e03afaafa683b3f85e539489e069a8fe6f68cc2043a8f459174e793d00ecd4401169661720e263d,30,NO CONTROLS,NO CONTROLS
614,2d15268e1e77593598aa172fcb0387edc2198f7b9f40d85ba70723c6ff5db9881437035b683cb4a954e82fb30fff28894c2e8e825139bef745b59f93d46346e8,25,NO CONTROLS,NO CONTROLS
615,363e1f4dd5c2bdd6e9b577a1793959793fbd9e8245e62928e2a66560bc0e18a4ee1d22cea14cd8a9cb676e7e794352e02758fc8ba016c16cd6c9431093fcf719,35,UNKNOWN,UNKNOWN
616,5c0eff3ec8c795562d18a3c191195d02093eab5324dcb08ffd95d6dac93594b75192828c172ccfeff8f94ce65f0c3cb4af129352cca84dd31cc585cb1b53e49d,30,STOP SIGN/FLASHER,FUNCTIONING PROPERLY
617,6b4440aa4147829bb4abd6351d3314617b43fa6dc89401fe4ba8b72a637fbba92d21c8e876477fc240509e55ff07c77c78337a878f1bd990331e7d437efa0042,30,NO CONTROLS,NO CONTROLS
618,db7c461d495da7239a72dac923c527a88f226d5549b013864bed88b9d18a3dc595ad3a94899fd4ccc0dcd0f031b13aaf644ac74ffa118dadfe8826866be82890,30,NO CONTROLS,NO CONTROLS
619,cc7abb818548f5bbc19cb5e09190dafa35f1f7accf251c94d05b0637ba681d73257cec453ea7d01ae38146c286e5bccd1d2fa091ae1e88383c0749f413807ac7,30,TRAFFIC SIGNAL,FUNCTIONING PROPERLY
620,379da875c180aa779feb8cb40a9f2c099586c970f993d6ba030e410acf33485672bd3dce48f161f78a0c8c3e51f83961fa81babf16923d3cf70a6da1940d1e7f,30,TRAFFIC SIGNAL,FUNCTIONING PROPERLY
621,a0b126404b653a2acf85a760537b68bc412920e5375c155bb2e1640f71fd41efe5f0da3cdc25daa678f5e519a694c25a8a1a112311540d2342cc6b7da53f41a8,35,TRAFFIC SIGNAL,FUNCTIONING PROPERLY
622,e7104d694ff7faa959546c006de49e4d842f45770fa173f4dd0a42f38a918df8e9306fb3390f6ac4e06058a95de9de023467bc0a5cdb76903281ddd9b6121022,30,NO CONTROLS,NO CONTROLS
623,1db4bd039c63f86c338f45314bf58894e38b8bafab7a6bbef5380167d4800688e34c132a429469e295bf44266beb5ed91c283454e0b99666cff7e6a900b3e146,30,NO CONTROLS,NO CONTROLS
624,291d65fe800790ef9136b409caae677da959c2b9a887a6cf2adc51407c547c1e8429d421baabbc4e31f7a093c5c50bf21903853a16d7583be2e5cd6ba4fb388f,30,NO CONTROLS,NO CONTROLS
625,4bdf54fbc94b970965d1e1cece362933463372c8c81c7bb77e51dfd76d45fcfde079a9ce4900faca19023b53acf255c8df10e5858d1490ed8a6c670d7d762a70,20,NO CONTROLS,NO CONTROLS
626,f84695af779335fce6e1bc8c9385eff8ba7bc5009fd789e9d3122e9370f7899b50981b2b175dd3ec7b2a86a7af4257d78d94063b38a35b7a5a18b5d2ce95c688,30,UNKNOWN,UNKNOWN
627,38936f2a0f3558ac8bd5ddfcf04e113767089132992d82529286af586857a95952ff4f73d50dba7971feb6496359393b7d0dd4ab58db192fa91e86acc5a20980,30,TRAFFIC SIGNAL,FUNCTIONING PROPERLY
628,7d0aee4c09d483d087f94244556bb9b70e12c879a30f9dedc00cb137eb0b23fd3e9273e10ff35134ad09c4734a2abe342f8c6c7a6eae2522e22ce339e60157b8,30,NO CONTROLS,NO CONTROLS
629,2a43db5a49ca26d1cc1b52c957750b921eac108d04cefbcb07f4901ceae834edc6a69d41351d9c0c4c592fe1907205c2995e37307bf05fb8b058ed5a8053c4c7,30,TRAFFIC SIGNAL,FUNCTIONING PROPERLY
630,5ea67999922ffb188927c74637268d5bf608c474b12aff380f34055b074d93112c266e45dc33f53bbdad9a23f0d21f415098a0068d510f1768d46dd5eca20734,30,NO CONTROLS,NO CONTROLS
631,bd0fe9783509b59fb583a8547e5f7922c410ce489d3e8f5228572ad81505ff46f67f369d4e74162dfb7be1dfb5b068564bb07d39bf4728a409b2f0f9b3afbdfb,30,NO CONTROLS,NO CONTROLS
632,b1bbb2a7ae0a6e93180759a40bdb016b56c3921d590a7f6ac1924e9c61aa33adb471984d0f0e854e5ebf0e7d37cc76ed932335ae77d81b394e70abe54c8716cc,20,UNKNOWN,UNKNOWN
633,8d521db8bb872d205e18e79a66cd5cfe26b01dfad1a89e52f43d1b00984aaee4ae92a57d6119563254ff78b77e80373ec5e7f69e9fca7ade85b2b065aba22e70,30,NO CONTROLS,NO CONTROLS
634,479474ecc5e55fe99fa919f40a32e6394e1de59c338cc92fb80703af97f8e223ef15690d7471df8c63b52cd94cd3695a2e7271aa2ecaf6593172f999fede01ca,35,STOP SIGN/FLASHER,FUNCTIONING PROPERLY
635,1487cef70989bc2e464c59c8ec191160ae08bf3f058143bcd89561ddacb38e295dfd75c9840534d53007bad802a507cc48554420aedf7d0f9a9c00411b2d5026,30,NO CONTROLS,NO CONTROLS
636,eb8064751b7c3a008557e4196da9880fa1df7a57ca3568cf2a21ee3aa9b2204944191af82fca204d70d664dc6fea4d4c5691e7914172dc6867323241e77ff2ea,30,NO CONTROLS,NO CONTROLS
637,f5df644ab98f6d65890a449eea3144c637233d228ecf2305f4aaac0a6b0cd52f7ccac397839bd15a455d35216065ea55f187affcaff741509e5b95fe8441d9bf,30,TRAFFIC SIGNAL,FUNCTIONING PROPERLY
638,b9da15272b79a5a56a992ce659d0a119088bcf4ea82ecd86dc2446c98c2ac8cd4e93368ea37b64095e3fce4622e4a29357620433bc23ffa651db3b0e6e62bce3,35,STOP SIGN/FLASHER,FUNCTIONING PROPERLY
639,9827aa68eedced099f8ebfaacec1d75625c42d732a9b5202265f53d2c4639754ad9d913f410ad50aecaf57ddf305ecd20e3bf967d60799b75198b0ec3a5b041c,30,OTHER WARNING SIGN,UNKNOWN
640,6fcd8bf0a115c802181fdf92a89c6c33d23138dab394276df68a7ee73ffb666e599a1957bf1a34da538218cf71f7963763733653380f68a1fbf905db0e9f0386,30,NO CONTROLS,NO CONTROLS
641,67f12b2c1249fa8525626614a5625558db6757b646c6e30aadbb521a5be5789a5bd9eebdedcb52322c3a6395c5183b965fd59554090c76e6791d240ccf48f62a,30,TRAFFIC SIGNAL,FUNCTIONING PROPERLY
642,3a9199a6d8c7616c1529c782198876b2f7adf35746579de467273e4090f74ae7c57d209d010da92c7e736d949510370e8ebe9c3793ea9ecc5bb91d580a881c30,30,TRAFFIC SIGNAL,FUNCTIONING PROPERLY
643,2f760a4fc63351e57f611ddfaa18bdc0dcc92098e6928df1b652652cc41a401da3b7b44ef03a70b920489d315f518f60320cd79958b996b3ac554d77080fa60a,30,STOP SIGN/FLASHER,FUNCTIONING PROPERLY
644,0f6f6a4b2a9c777c16b9bf604a57b22fbb18c578691748c8c7e0f417ca7dbf02fcbd2034993aac861b49b4f096cb4b5334ae6ebe54e726dd672bb1e1db389be4,30,NO CONTROLS,NO CONTROLS
645,bec86a949ac2141c8eb12a6ca3f5f216f627f7d71410be5d1c120daa30f591e2793f237be730ffeca4668d868324f16f32512b917c49d5ea0b5b75b1c2726074,35,NO CONTROLS,NO CONTROLS
646,59283c429c1c1490dec0ff76e8e190cb2af85476bed86038422acb3c46b941e0ce91569b1e8f94186b4986d707e9fcde189d19d10c24de4f77eb8bec175ba1dd,30,STOP SIGN/FLASHER,FUNCTIONING PROPERLY
647,8ba1b92e005cb5fc38bbb8705ad1ab6335b84a9060c1e2d41ce7faeb2bf46ab49434d27efe76d652117e4dd6c02a494177d142e7f9cbca719926f715308b66f8,30,NO CONTROLS,NO CONTROLS
648,1d028fc245eb87906e182e944927840b8c222bd7861943c7071685dfa95c7ef772f448c0199bd335cfab6ef2a82b3dc9ff758dcf9c6441073fb2ad193947569c,30,NO CONTROLS,NO CONTROLS
649,40fd27b87379cf23b2d2985a859b3de6e156c2c7bcd8545abb4fe1f07fe4b0fd0cdbcd27bbe5bc38d838ae70b559f986c16d7eef12f25a6100c960777c84a66d,35,UNKNOWN,UNKNOWN
650,9087b1e4e306a6cef0f04be1ba782e2df4d3c4a5a66bf4b19a3fae06e67e55ca73e5b294570d23e776f438c5af31474301e22a7fc245d69658a77480e5485f53,15,NO CONTROLS,NO CONTROLS
651,e5a6139a233bcbf12e35684b4a3b83f0dacfc02a2575b246695848da896890401a317e110ebc32eb89f14dde8017c389a1aa38b791d7235df4581966b69edab3,30,NO CONTROLS,NO CONTROLS
652,64e4edd8f87430d680657330f8aca0cc9ff68e9b97b4fa8aad9243114d82ebcab733716eefff9607180f33ee76865e74e066e42b288468a6045f209a2a3a7945,30,UNKNOWN,UNKNOWN
653,1fa15073d418ebbc4743971211e0e56a08982bc944bd45a3f04af34e0b40217987f8d730f741371b51b4a35b71872e68efcab8d0504e364d0794b0ee3773d776,30,STOP SIGN/FLASHER,FUNCTIONING PROPERLY
654,786859de9382f2a7880f12c51030dde79c1f48f3c775f1a47ab165687eedc7de4faa4b469acc243a9bed571988633c46c967ddf7b67491f856efd99ba0b2deb1,30,TRAFFIC SIGNAL,FUNCTIONING PROPERLY
655,9173df080b22c575c204e57bca073297307b43738196f3cdfebc88102c01a4b0b1d9da38fd9f69d828d6f4dbbcb3adf1a74e6a0a80935a1447b2adb2fdd22216,30,TRAFFIC SIGNAL,FUNCTIONING PROPERLY
656,f3295288d3428ab377e5111f3348a4f5cc1582424b05c47d75a516fc25c8f8de6c46ebc58e7ca218191d0074299d19e6f1d52daf845d4839ab318eda0e617f31,30,NO CONTROLS,NO CONTROLS
657,cd9bda1389c95aca27fb81c34164dd82b1193cf1b283bdafa3dd75fd034e67fb88e4f988d4d87ed1a421a88b6b39674d1f415777e63b6952a3b83e99a8dd8a76,30,NO CONTROLS,NO CONTROLS
658,543d556cc277bb8f91dac75e10fd4677c7cc932036835a463de515e411b0e438fd575f633fb1c700628bf37c18e0df7fb38f688514d4b76932e880e84229df61,30,NO CONTROLS,NO CONTROLS
659,4d00441770891a1336ad08b2bf5284ba893bde2ea36648106169faa413c02e6415e0387d5f7382119025c49edaef16bb7feae367a107494113a88e6beaa0579f,30,UNKNOWN,UNKNOWN
660,5689c96f8ebfa7256e4be5d3ab4bea33f87dd44f85f38b0b9b1c8af56476452480079c911328ff1c1681179251dfdac35737f085a861c454dd4a9637c78fd0e4,10,STOP SIGN/FLASHER,UNKNOWN
661,e3824da7cbd643a63fd09837caefac10eab44910b7d3963e9b2637935fcb88da96dd4a5969f443c57ea51eb38ee6fccd8dfa62dc7fa255e19bbf2940765b0526,30,TRAFFIC SIGNAL,FUNCTIONING IMPROPERLY
662,9ad4ecc711f9622b7d347c2cc2d2dac25bb369d249b073dd009a910eb85a5fb10d9f7138548ac8753d4c58f40d5087d0a496fa7993cc5f215d7ce968a0c3d5a3,30,TRAFFIC SIGNAL,FUNCTIONING PROPERLY
663,b30224064a4d6fc3c8f7118ebc2c835c9e9b066c4d07e0042b6623ba3303eb10b340576f7b7c27563d6060cb54ea7b55b612b21571d71061e3239c0d26ad9dda,35,NO CONTROLS,NO CONTROLS
664,5e5f1c47a5300279134c73e156013e3b207ee3894d201162e302c0f39d472ec1463d633bce5acf2a8d23da67534ada1a2c6b52cb69944e6951d5d8f698775f0b,30,TRAFFIC SIGNAL,FUNCTIONING PROPERLY
665,62a8fe600dc7b083f2ae8e9c478bc919802fa8cb03ebb49ef8c6cb2901c1a75d9f0691f53005adc46f7e8360e3dfb72740656b7ff3aed2b41f1996a8b46bc4aa,30,TRAFFIC SIGNAL,FUNCTIONING PROPERLY
666,3482ed4b22f2e1dd0978537c82032ce0785e0e769bf1e71f4d4bef6fcb82157ef047b305580f53048efe91020d0ffe5eaef5c2449869a3d68b6afe761fdfa848,30,STOP SIGN/FLASHER,FUNCTIONING PROPERLY
667,7dcde6dfa33b7eb6a2b868fbdc4841ccd3a2ea1a629ef60bd6dd1fe521cf577098e11ecdbb256ea59ef7deac83b6d4d27d85bdb8d2a9ffefbb85baad7d54684a,30,NO CONTROLS,NO CONTROLS
668,fde86a933f9ca518cbc518c1acf98eedac85bb3464ed5951b360fef062f58b490ab58001d468de66620d696457b8b0d5f161276485cd5ea30e264be6c9d17481,35,TRAFFIC SIGNAL,FUNCTIONING PROPERLY
669,c03dc8ff0900ffa7b499fe99b8c8170812eb85125504783cb286c947e7e2926e4bd38b4eadad79a3ab24a7aa3aa5ac4279c6ce5614c5ba73db5695c5f146c5bd,30,NO CONTROLS,NO CONTROLS
670,af8bfe40057edd5882ac35be73dfda8a0cb5d2c4872402942b70010f58c1433f9061b54dc25f8eb8e1ac4936e1b802542499b4391c1345a312ca4e72712e3ab4,30,TRAFFIC SIGNAL,FUNCTIONING PROPERLY
671,fe3835f9bc07a74b1cc4cfe86c166f3e87cb57089075152a394856daf17d3b19aaa625c09e1a758c7ffd40844e79611f65911fa42af0d73bf1e3492a23e47952,30,TRAFFIC SIGNAL,NO CONTROLS
672,d9f201d684b0d72183545c0d73b16451bb8c2473d86d685f79a76c9aab6f88f603eff5eeb8e5550cbade2be9b7f658bef8bc4e5b6093ab342766a48b3f7a6afb,30,NO CONTROLS,FUNCTIONING PROPERLY
673,a7ec1a3b0cd3056f6bb6a6bf0220dec3ad34213ddaa56273158c5f0d021b6992a3838a581240d81edd845b8997ffdba88f68804ca3148b41072c29ef772cd2e5,30,TRAFFIC SIGNAL,FUNCTIONING PROPERLY
674,5847431a09720ce6a1720e1fac8fdbd654ba8cbb3de23d7da064834c92a42765fa43e24f0c2ca74a94192ad0c228b40255777109d47bfaedfb3b46732558617d,20,STOP SIGN/FLASHER,FUNCTIONING PROPERLY
675,967748bc96280034d93b00586883d4fceaf17fb43cff2629c59b944c5d1febca8341689cb9f70eab73f865413108bc7944d9d36dd1f66b67ec97d7d22a4b9173,30,STOP SIGN/FLASHER,FUNCTIONING PROPERLY
676,ad690f5554f6c81b09c57fbf796ae3111d14e84e5f3dc4daa8f0a1bed42125b24cbd58b8e07eb4726c71f2cdd2f30a7ac73bdaa2da1d28f40db5f9e9c7ffada0,30,NO CONTROLS,NO CONTROLS
677,299aafcfdd290b08d9d3a963ee9e186c559a0bdd1295c88b9f0d24eae3ca25c22d65bec1bded746102ecf0f7827011ec37fbb8961b3d38a3d5a5833891cf9059,45,NO CONTROLS,NO CONTROLS
678,315a5b3912d8bd186a7751653e20c9f4760ffcdddeaf84745bd3bdee677e6762ad44843313b7a31feda06a11037b329467caad40ab2b3cf5a5a5342e206be3fd,30,NO CONTROLS,NO CONTROLS
679,9c8a85c7eaee9564283e1d944a9c3413c3ad90c6ca4ddee7009b77919970780d8034635d0d5682811609896856f129d11c22a81f6385c5413b8aa104729f8f2b,30,NO CONTROLS,NOT FUNCTIONING
680,cd4daae5907cc604ff3dc8c2099bcd81a3a7c77a97a5919f024234cf663a0e1568a377cb8fbcb1078fda960ca68bd982ba0425c0cb4fb0425ad7f23a6acb673c,30,TRAFFIC SIGNAL,FUNCTIONING PROPERLY
681,10c6093914c765ce5cd90eb7adf1379f9a99dd0a794593a2adc2669e6ded2f5688dacccc6459ae5b2c0e50080e0b905058210885fcbc5b586b53fbefc8d69533,30,TRAFFIC SIGNAL,FUNCTIONING PROPERLY
682,2a41722d05d49b866f07ae7a78215bc3afdb7b61c753934ede7c7d0bc973f792b4cb2920ce474a77a9dfdcffedca4d6ca71d8b1be871b8443342e4207e577a71,30,NO CONTROLS,NO CONTROLS
683,5f477156c434df85fb8b06f22893e1a3b3cf23d0688a146347d3df26f0364dae19cb755a4394b7c8442dd5312fcf886773c1218112eff949ee75049eade5aebd,15,NO CONTROLS,NO CONTROLS
684,67517d3a44c92297ea19e985cdc474f8a9501837def4814d44c3eb153ff3ee7b267fefbf75d00c13a17075ae3e85bf007e3d072040120ac38e3560ba29adc723,30,NO CONTROLS,NO CONTROLS
685,e0dca30add5a96b50fec8b299807c3da756d5ed8f6f4d4890568de68de0eaf7a412f774bab5a31fa0dfda9d507434f23e35469269577b7e3145482ac7ec73dcb,30,TRAFFIC SIGNAL,UNKNOWN
686,5fc37dc4d527384df357b25d08d934cacc9047c8aa9c87b60c5d532a0f528be1eb5a3fcfc5731aa6cde7ef894c2ec15b9e15833f3c0244296f150cf1623877c7,30,TRAFFIC SIGNAL,UNKNOWN
687,b3fcdca0032510632b8b38bb08e5a82981fc5e676b9eb9ebf27708742cd01a4e60039e5281564e3694c871456f5157e35fc9206c3b3183586f242dbea6b45a29,30,UNKNOWN,UNKNOWN
688,8d1fec6528f5abab38586f3fa2171175b2c9a82c85ee457ac74bb4ac539fb6c849714fae09ee9083d27d1a7e7001fb10f0d3f72b7faadb51f1ad1195131050a4,30,NO CONTROLS,NO CONTROLS
689,62dc89d9dc742cfbd78d0e1ac445b15ec818a794003bbe710fde796b00db6a9831013fc072575ed40d828c09f5f4490f24b23b30a5e103f2b18e7dce7f62e6db,30,NO CONTROLS,NO CONTROLS
690,9ebe5450fc4cbe2843f066ec3b910182cd0b5bd9e06509ce0102f7814e1d5d0a696eea44bde687f027adbd826aefa25dfb911639c885be3cab395ea9b92bf245,15,NO CONTROLS,NO CONTROLS
691,2e73032ddc998d9ff68738a8e3baff6ef7ee46dcabe4fde4fafb4d86cc49fcf099264be759c9590f2cf56e80cddcdf14a84b1b0ad7198e4c227c90f3b46c134e,30,NO CONTROLS,NO CONTROLS
692,71a25116b80ef9510b502369e25b3c65bf5b6a2d4506999619a1b26e68d80fbeb40aee9bb98896fd7be77a8afa53e1fc4bde9b92835b91b8e44c8704a631083e,30,NO CONTROLS,NO CONTROLS
693,f0660ff382a8ec7e7c87fd05f83c021b61b8624e0ea1a184341bddb129e55c7b4f6a3881f4e62e55fcfaf4f89ca15ba9c5d73fa7986121fe0917b081678a6312,10,NO CONTROLS,NO CONTROLS
694,8287498026a684056221baff87063d328149c8510c6ed85a2fe7d817d2103213bcfc7c693461549714722e888385755704d0a9614b795f934474a7a6eff9383c,45,NO CONTROLS,NO CONTROLS
695,54dd43471ae738734152b4bb0266b671db866dd40fd17f47ca27869340162d98c32f892c41499adb020827820b9c793dba3aad0552bced5abdc784e6cedbbd64,30,NO CONTROLS,NO CONTROLS
696,dfe5c921b7c62c17901ae57cb9c036101e8bc2529a418cbaf1d64cc303ba9a578fe3f65b2fa680e1b19740d887a1958daccbb98c0102882e19957c9676a925c1,30,NO CONTROLS,NO CONTROLS
697,67ba010ce77ce5de758fd1b811a0a2fb757b513f409695bed761850a0470cb84d90ad1a9dee522bf6deaa92750c6abe600e3019cb7637f854b2025c7698ee587,25,TRAFFIC SIGNAL,FUNCTIONING PROPERLY
698,915d6e8771c06bb84bda38e81291e953c595553bc9274b72368683b41282b5df57860e4e68b833140c43bda1391575a1778faa4120b9cee7c47ebc3dd0eb8a18,30,STOP SIGN/FLASHER,FUNCTIONING PROPERLY
699,82a1c33670c1e3e8ebb5efb9e4d6b6350a2999e198cdead6d7faa04e551c74d72d70129f27862a588f70dda1150901184d26a485730b53ff254b5bb37afc9541,30,TRAFFIC SIGNAL,FUNCTIONING PROPERLY
700,8d377cae352e6bf982c8eefb07e2abba0fd91d286c02b2d3d18c2cbf8489ef92b68fd5f1b376848867bf739dc202dc8113fa514ca4be2a6f96da222a79f978ea,30,NO CONTROLS,NO CONTROLS
701,819f25fbcf7603c0800fba95d8636f8ab902f1787d99e6b096d30fd899bd8e5ffd7274671de466df468479fc3d5d97c45de1686a2bb35f4f36609b4b9b518371,30,NO CONTROLS,NO CONTROLS
702,c847ef8921e1f8b3b9417619a4303a179a5f9140831b580cb8f89ea12dce5c5c8ddab02a966a0117d662b4cb3fe2222323f37d2ee45abbd37f2b4e6b546bf6d7,30,NO CONTROLS,NO CONTROLS
703,4029f8cdd0d0d48c7f23ddc89d9424dda9badcc22e0611772a2f7d93715bb96b44f7de92d7272691ffbbbe1b79b1bf59722574dcd5f315ad515fde20b8b5941e,30,NO CONTROLS,NO CONTROLS
704,e4a43010d7beb342c86928cede41611e563ae1aa2ce63e8957f6cf290c44539a3bf1a02caec55546e473b5294d9aee1acbbd511e54a60dce6894d5f98104bcee,30,STOP SIGN/FLASHER,FUNCTIONING PROPERLY
705,7bc0dc41b0b4349f880bd69dcc1447c78faa7d1ead35d62edf3493f08a70dd04f7140da9f3730b66fc17ecaa2674c6cded016af22ed3b6dac31d043ea4ebe6c5,10,NO CONTROLS,NO CONTROLS
706,1a717e076d9e9b561a5f8f1c04bdc15eb8f1a75340b66983c39edc6acf71609e8bfaf54b32ba8a74e5fdf37a6c93d8402121832cc28857e11f7e444e1c199b40,30,NO CONTROLS,NO CONTROLS
707,1e1bdade6e5a67ed6afa878ebe8bdf491609623db8398e171d0a4ca9b607b4831f33f86b3a45a1ba8ecae077772ac3b5c5ab36280b5ae7518f17a92570b08dd5,30,STOP SIGN/FLASHER,FUNCTIONING PROPERLY
708,dd862df5608f037200e8ba0bc1b2fe56f24192ae6ddb4726b706ae29d08e599cece45cff9ed78e29b62c1dcc74e64b683a20d85912b0b6030f7942fb37e1dfcc,25,NO CONTROLS,NO CONTROLS
709,19a26a2a07d6c09f6418dde1f45c63b9424d1fae8568bd25de86057440032d0d63a74c848da716429726f8e9201cf84d63f7ae5da3fe6988bda14279fb63c8aa,10,NO CONTROLS,NO CONTROLS
710,7ca62de01f4aec33f0d2f61f6eab1e198df73f785a00b11204499704080cc0f3c3360c61a26a288a9db9f665428dc89197c9e7466043b09fd65800b4a5ff1576,30,UNKNOWN,UNKNOWN
711,de0c9f2cfa251ece1a92443bc9456a3c3835ee9560179e0f2feac594cb5ecd587e05419f2a5fb1131b74cfe00314656e4e892d6e36690d38b5a086b21436ee68,30,STOP SIGN/FLASHER,FUNCTIONING PROPERLY
712,6ea9a66e6935b6f4c245653b99f57ef19d7e02ade50349c8643a63df5febebcabaab5e82409eb952f6c7d4710dbe574e1c8b5b909cc03abb20babf1d4b5f78eb,35,TRAFFIC SIGNAL,FUNCTIONING PROPERLY
713,5b7c96b63cbf033432ff51c504efb021e15f6e8f89139d5dd51816c7d32c296923266682b0808c63ad8ab3450721e13835fdc35a4e9c98a7b310d3c6379531a5,30,NO CONTROLS,NO CONTROLS
714,7130c6ea9656baed4841b733ce78d9068837fb90e51c5a5dd934000e7692724ec54b8f95026983d88d1a3bf547d1ca37c6e9b3d862b7573c31db70186984cb6b,10,NO CONTROLS,NO CONTROLS
715,c6341386c8674432aa3bada3d1f9a1d456b45f379436bfac5763562873507f2c96b426af9b86e6fe0c6d1b9598e8c3235fd8603d7bab11d355769120b3f408df,30,UNKNOWN,UNKNOWN
716,9c6dd8e9f69c827910fdf25a7ab7fb5ad4096af01644f6d7e859689aff5f3324c44eaf36f43f886b4986d88e1065528e837b58d9eb22cc9c59aa52f756204eda,30,TRAFFIC SIGNAL,FUNCTIONING PROPERLY
717,609055f4b1a72a44d6ec40ba9036cefd7c1287a755eb6c5198f3421f7aa929683278e14f2bcb64bd0f251c3aa3d89fad563f5a056f214e58e77fb931be551d48,20,NO CONTROLS,NO CONTROLS
718,37a832337c1ef920b2a84782e87c07a93365d9d0a735f13ce627895a9fa346ff408dc68b31888e5b4174eeba6aaacd2ed5d08c5456fa752b13aa3c027505368b,30,TRAFFIC SIGNAL,FUNCTIONING PROPERLY
719,23269cf74bc9be78f8b630c00a62e67ef5c78c4381559b81133b8d8b9c01a1cd48e1d62b6b62217543049e64af9d671657e08ad009eec9cfe2d491997ffcf436,10,NO CONTROLS,NO CONTROLS
720,555ca3f6798619565d7113f623b349d095e42992f01586694cad7f7f5b140f7dccafef4546ca3d10faf0e94a00a94fdd3622bea4da16314247a7cd0d268658a0,30,NO CONTROLS,NO CONTROLS
721,489d3810741c8e14714f908764f5cd8811c950ad7106c566de09cad58f0857cf2e6066af85357228ce819073323611403577c0973c360c43cf420185a49d0f8f,30,STOP SIGN/FLASHER,UNKNOWN
722,f602164981b458390f0c25cc70a6fd8bb4bfe4f3a11ea307da6d0e259af602661170b8bfca280b96c18a62dbf66bc626ff90cd0496a617f84cab3efbde3ce6fe,30,NO CONTROLS,NO CONTROLS
723,57b2da7eb5585048ef488d0ef7c65678316b46c49375b3aff3a01b6e282438a15671915a44d640741bc71f4779c7e2e2390af0776d9f3220c6a0bfc5a5b787d5,30,NO CONTROLS,NO CONTROLS
724,a8dc2e1fff7e6c19bc66562c837abfcb90ac3ca24838ff96d77144d6932ed660aed41aa124f053d8e3b5b46df8bb1be48e8e62f8cb6f6f12ef186baa4b3ec111,15,STOP SIGN/FLASHER,FUNCTIONING PROPERLY
725,6023f08fccaa8bcaa7e3bb79b53d44c8a4d30647eae81ce01824f3f581577a06a25eb569848a556fcc9fc7e65b1bd8a88ed9ddc7a1d8898645bba6947b9a1115,30,UNKNOWN,UNKNOWN
726,c6cec9d5de0bd21573cc1e4699e170ba659fe09261a81b91dd067d24da2619399b440c65b742e8420bba1040244619ce664533d1b7d9cc1d47ef68463fb606fb,15,NO CONTROLS,NO CONTROLS
727,94ea3d35d170196563847876c17c5e6e2e69449066390922180b6f6ad68e01bcb2cbc55507c607bb362bf697014152e259be624f400249d4bc5589b65bc20b26,30,TRAFFIC SIGNAL,FUNCTIONING PROPERLY
728,ce825e7fe4e5463306866bb2750693bde0e503d11f1dfa640e27b3a61c8328cd2ca38741f113276033a427a8653a1a003573170d499f8fac4fd8aea6fd9b4d8f,30,TRAFFIC SIGNAL,FUNCTIONING PROPERLY
729,fe4e1d6062aa540932009420ba8e38d718c355de68a09a73dc68f583c39465fcb909285522a9d5962ac83fa764726a30a8d498ac2f572498cf32c3b3fefee266,25,NO CONTROLS,NO CONTROLS
730,c1d197610ad9d7da816e4f5eb529529990f85258af356db53366dc576d8105af2333480f45398776d392125d291fb9a5b16b54c5945d7a3eb31161d47750647c,30,NO CONTROLS,NO CONTROLS
731,1d8a3a6e41c8bfc336b87a624334ecba3f5bc092d1b02d09d60fe9b7fa38d86f9b25e5cd651f17a166d59baa8fb6e53da4305f8ef5ba07949c821c33ab4ce275,30,STOP SIGN/FLASHER,FUNCTIONING PROPERLY
732,77351d9aa666a1f67587d098c2a7c01e1097cb168516a2f1ffb6ecf5286b477f9f5dd98f48321aee85f26d8d8722645c89fe387197ea28c3d39a05eefd3d8a4c,30,NO CONTROLS,NO CONTROLS
733,2b332780a962b4a78655075cd06144d07c9051c2b3c442c1599e8cbfc7617cee163b9dbb2e0de393ff72e602e75012bfd9d585d653ab0dc9384f902aac4b2b9f,25,STOP SIGN/FLASHER,FUNCTIONING PROPERLY
734,0d5dd8bd1b6275692a8cfa597fea04de3f4d72ab7307ec6a60ee5ba8d58ec4286a708503c273e87caff8efbad71ef1cd7139c82312e78731b83b62a124775166,30,NO CONTROLS,NO CONTROLS
735,2a5acfa382963326e4defedeb98960692bcd35c82736335c34f6f53ee3292cf02ef6f8ad5e02529f37493b02ccd68620069eef290ada15133b297479d1506644,10,NO CONTROLS,NO CONTROLS
736,b61bad67f59124cbb12e7d2113cb1610a30c3d0dcb409e597b7a692bb4ed473393c62a86cd47432f9a75f4bc735c174ca64651daf4322572b13f1d9bf8b81aed,25,NO CONTROLS,NO CONTROLS
737,20f8686082f0db3918fd96a9312ff969d379dd1c2851d551c1037f565298f7e471af9f5c7503875e82950feb97f3024dd06f0c966f827bd3293c26642a5028a7,20,UNKNOWN,UNKNOWN
738,ecfa3b46bde128fa3472bdd0d69f80f16df4b715c3b6556009ee3d9f7449a9719cf85b3c42287f12ef4e82d2191c9aa263e8f43e2584c99b8a9d275839921221,25,TRAFFIC SIGNAL,FUNCTIONING PROPERLY
739,907abf800ff233c8a2774caa2872f0feae8adefd8887a699af995db9f76296b0479830cf3b80eb5c3bd9432ba0f15301f5af2b71fd29040ae8c1f3556a339e4f,35,NO CONTROLS,NO CONTROLS
740,432244b35bbd64c96b050a186d36440ed7abec5249d28165631cf855080bb03e28097226ea7285c0e6c976b5d4a96f9ec115a31fed9448cec4ec0287f33ebdd3,30,STOP SIGN/FLASHER,FUNCTIONING PROPERLY
741,f1724aede69feb714b3a0c5a4c0b67a66f3ccc27b2c2a9c662dbd568db04f892f155927fa29a79c640ce2d6590a84c1a7e5cf8e858649caf5d20952ed8d0d17a,30,TRAFFIC SIGNAL,FUNCTIONING PROPERLY
742,7a14d730f1082a2c37bf4fbb396a47e9a066f60585ee9865518d23b03df6a2f861e71a7c0edc0ddaac9cd6b4450548f8194e39a5bcdda47c22c7c20b82484140,30,UNKNOWN,UNKNOWN
743,4f5e79ff8e3c42c94ccdc8a5805b89aa973facd0d8eb72558db84d0fdd50202bd7c0f73ff143b9dcfad4c9c691a37c8aeb339757b2809b33a6be98b03bb95a16,30,STOP SIGN/FLASHER,FUNCTIONING PROPERLY
744,318186098ab4b7534f707862852744a05ce88ce547547bc2fb9596bb960eb926bf355962238918592995ab1577f2115f748e9f13c0847ebee9ff4d76a6fb1ca7,35,TRAFFIC SIGNAL,FUNCTIONING PROPERLY
745,39efd1dabb0414252974bac69a779aa93d04ed881953cab89c19f9f0721395592ab76e91b2e58a4151d2847662ecc14b81ac52bf70827a15551c27b6bbb8aa1e,30,UNKNOWN,UNKNOWN
746,d783d34e1a6b524a7a5e4afe7405550307f72d3c52180bba1ad50d32cd1f16683be32233668fdf2ba78e36ebea15f2d9e420209a6d0f4798cdc0619cb337d2a8,30,TRAFFIC SIGNAL,FUNCTIONING PROPERLY
747,13d4c4e395ec7c7fd0b5cc2f19e4d7e1697065b88c6849dd5536ab63dc4e93d8b094e6353779e033d39be37c3218bc9bbb63338e25e6be088ca7d1d414e6e666,35,STOP SIGN/FLASHER,FUNCTIONING PROPERLY
748,078581960648ecd8bbdc254e80487b8a38254526e96cab10651f4c58a1225805e40f7f835d52c36ea7fd19c7868a8353bcb1290584ee1f838cc443966b6428c2,30,NO CONTROLS,NO CONTROLS
749,92706ff3f8df7485c76f84c0ba682de3f2512fc32a27a9137619b560c4214c23dd99a3974936ce511e0a1688eecb602c41152a3e420d0796e77e28053b39216c,15,NO CONTROLS,NO CONTROLS
750,b55070182594521a4e7e9d6baa345f7e643a06011c35941b55a796c24849bed0950b4a639d87f423e9cd638aa6d4768fcdbb4841129835c9c41d9e14360a9bd9,30,NO CONTROLS,NO CONTROLS
751,135d6444b443cada736003ab3f19fc7fab384d1f875e3a75e9580c85bc0f96cca4fca1d420275165954c23e10fa0abf1f2bbc848ddf51dd59b2a9a32249df9da,35,TRAFFIC SIGNAL,FUNCTIONING PROPERLY
752,77e2d4de55b90280ec26ebdbcef326e5de080dffa631b2a1e8135fce3953292428f43a5f1444dd9c1235205cffa839033ea881df5af3904abb357be76461bc44,30,NO CONTROLS,NO CONTROLS
753,b05d5e43bce69885dd7d21165df732b55356388192b5176cd4a5fbf4ad132fe009778c71c9c1974f56289d999c5e24e36c07b248d34d9c21fed9b782ef11fe3e,25,STOP SIGN/FLASHER,FUNCTIONING PROPERLY
754,6daa9be4cfb00f12986240bf353acc7bfcb02b2090a24bf52b970eecb1d0cb2b93a3e8ffca708f8db38f27501312b2366c9eec539fe8cb9e5a668d11cce868ba,30,UNKNOWN,UNKNOWN
755,6bcc2b388473249ab8993bfb63b04bfc0bb8305e218bbc5337083023d75e8a412dc5df17ea82b1e99b94e810f6f0a2fd382d123ec2cc5dbbed65aa6866702a14,30,UNKNOWN,UNKNOWN
756,46fe86656568374f172ce2234c0098da740d18b6f0e1a173ba2524cbb3c868d149869f6d7f3eb46875eec407814e83fcea14de9b85a9dab9e501cc21243a9d27,30,STOP SIGN/FLASHER,FUNCTIONING PROPERLY
757,ff27cf7a9559f1976f1cfb7172884755b17952c6e9d306f23ddfeab0da7a83c3cc108a1b7ba9ff0e009c6ea9c331fdbcbf328a6e65e923ea9fd2183c782dce7d,30,NO CONTROLS,NO CONTROLS
758,0fe2508a46def55f9c45131d795dbeb4cf96bf97ea0bee7958b1f5f967f60d5b22a36225d491be9aa13dd77fb0e02bed7365faecc43447d37fc9a1ccb9c2625f,30,TRAFFIC SIGNAL,FUNCTIONING PROPERLY
759,2a09de82241d216ad2fe6c6b55208a123d7d9e4c571b03ea9bc4634c1b5d8698530bae7b65c550079d4d8067cb52652dbe7a729c2559053d3aa52bf56b1b4bb9,30,STOP SIGN/FLASHER,NO CONTROLS
760,ebb3d2bf5a66961b185f7975db4c40e6f267f7f7d49747d1f7a97426e249097b722ad7c6fe373aad71660c72431e801831889ff8e60e75c61692da6a3ccd6af7,20,NO CONTROLS,NO CONTROLS
761,26a778161c5324b6ccb0822ffd4c7960e86caa0f197072eecf122a2daac4d64cf1bf39063927ddbb57091f324f9e835c3776ba45e9a78cd0ae36ff9ca7e90090,30,NO CONTROLS,NO CONTROLS
762,e361cb575904512aea6eb95df48ea714e7d4b3eefb3700423c2e458c4e86c04555b9a7d1a7fbc301d33937c206c403507b797310b341da8a9f610f365b4ced82,30,TRAFFIC SIGNAL,FUNCTIONING PROPERLY
763,7c3c2ef78d837c73d5733b374d0804d60c9ee13883ad56ee2f0a1a808006923ee565d6aac55be36b3f7b53b4c68e26affe596bee9118483a967bb4f0eb2a2880,30,NO CONTROLS,UNKNOWN
764,514afa2e1d7c5dc1df6f8d117a1db36b68bc261650250b2011cef5bd9b3a4e31ca6d83e00392f634be591550f11fd8895d231e5e7b67b72fa5bfcea95198faa4,35,TRAFFIC SIGNAL,FUNCTIONING PROPERLY
765,041583f87d455d7348cd532a01dcef1641ac9189084fa14dc65966e731994b025bbd7f58b43cb7c1556ab91107a167dc947bc05a800a199927455d4a5fc4d56e,30,TRAFFIC SIGNAL,FUNCTIONING PROPERLY
766,e3319525dc249588c1667cfa5e10515b3e101950ce9a90ce499f17b00d6438b92f2bbf20048f312e9fb528592835d5d5ed0684945feec972f52fca72859128c6,30,TRAFFIC SIGNAL,FUNCTIONING PROPERLY
767,8b5acec8ac190c9ed2bd35faca3d8f7b1a55602c997c96723c1a5f6903b254e9fe247707d681d47af1b394f81e202cac46f480804d52a93ea4111362a787d3e4,25,NO CONTROLS,NO CONTROLS
768,6e1cd4a1795f2b124e3d328e2ada103410873b39c401102b1fbc91838b3bd81a0282fe925947b143dbd2980d75bd1fc26310646b7183e76da757390748fbbaf8,30,STOP SIGN/FLASHER,FUNCTIONING PROPERLY
769,d854c8735afba931137c908eccfbec89e404d10fe3258c5c20da34254df19ac33a390d3d8e33c92943035cc7637a4b1153c3f11e2f235168b47b3b8f3497ffd4,30,NO CONTROLS,NO CONTROLS
770,2e1f383a99dd61eada235f51038d287b89cfd862de5aa7b3987472acba2dbfb295e6f45aa230b279db7b1ac079e5e3c7024619488d5b4d38b2f5678d718c717b,30,NO CONTROLS,NO CONTROLS
771,034576463f2edbbbf20ce916e3ad736f4b369dd032066c4538e99dc6b65ff540577cc78cbd4bdea96ee1bfc1925867aa169b2729279bb3f12babafd6df5a1943,30,TRAFFIC SIGNAL,FUNCTIONING PROPERLY
772,9da01943ea3bf0f834f6032ed26810b7df259290453343662b847c9339bc27a2cb9fe9f6a6e3fde53b76b00cc7b771a4c76c64ba248bbbd8f18dd96590b0140f,30,TRAFFIC SIGNAL,FUNCTIONING PROPERLY
773,9a846eaa006e9d765235cd20163efe4fc179c75e002edfbd03caaaeee6c56a2fc9340dad22257d10a6f50898227eaa635f16b0654096e2263b2ee96bd69c29c7,30,TRAFFIC SIGNAL,FUNCTIONING PROPERLY
774,3c4caf1bcdde1c751bf2ce1ca4533a61ebb83e8c5a33b39331c60d391f78ef515eb42dfdc4acfb0ea695366e2a8c2d0f7cd8d4a0405c10334028c560a9cc0fdf,25,NO CONTROLS,NO CONTROLS
775,bbe205386d108d421b72015feb0673bc8a6fe0321b30ca405f4a862e178c006cdb6afe494d4d83927b066143bf9848965e79fbb77248a0966ed88d3a733f201e,30,STOP SIGN/FLASHER,NO CONTROLS
776,1c2065ba29faec7340ca9ec3be03fc71facd8ab4ddebc15714c125ff695471d0699fe6f566233c1a00453248ac09913ac4f219a1255c2cfbe3684285e5cb97f4,30,NO CONTROLS,NO CONTROLS
777,4a7d6449f248019f0589b98ae15b671e99cb96200ac033ebbda1730a66df297d93937d625ff197d876c6a5976bd25a6e5e55c4b524c3ed901292e47858d82def,25,NO CONTROLS,NO CONTROLS
778,f440f1782e734e708049e153bc1746614883b84b7befd68c2e0424f42ba51f9f803d48f75f0a7cdeeecad490a55ed9024e3aba46bf3fff08264d22a98b2e643e,30,NO CONTROLS,NO CONTROLS
779,dcf5c85a0bc03195a3c5a2468e8d77b0de32efaff11d52d3a4b7f1d90d7b6e970ff7701486d21028f78c74d76aab4c61d7c2190bf93f8ad429ada25422dd500e,30,NO CONTROLS,NO CONTROLS
780,f6d860242f40144f63d611e144d8eff1123da14c2639f88e54e91561a9658209aeeec35c95090aae117f721692e83e2ac06f86b1c69c6e286060911837b6ceea,30,STOP SIGN/FLASHER,FUNCTIONING PROPERLY
781,f11bc509f9f71bcbba3261cbc4900b3d829d10e4a5259b7505da57ab2b07f51a751230b1ab531a163e914484b50b7d2673f3fd56629f4bb46d39c00654e95fc9,30,TRAFFIC SIGNAL,FUNCTIONING PROPERLY
782,09cb20f4e0ec8121ff8c2b388c575f56374a3abbaa8d9a8d48c7c29bce66341654520d4094aba0ae420285cf6f4c02676fff26b40b2e68be9633b2f8383c81ab,30,NO CONTROLS,NO CONTROLS
783,6bab1d4a6bb03abec1cbf1bbf95d02a3593522a4a1426f7fb55c26014cd92492d6657207fdcbe09444ffefdf170d65289cf19e5e58f371db4e7f322d26cb740f,30,TRAFFIC SIGNAL,FUNCTIONING PROPERLY
784,832975ead188ac0ff9ceedc6443c81dc14375213df7fe6fb598bb14b9bb1437278f14c0a1fb6b1c8d8ee33599efe815398b272af1ef810b97f4666893e933052,30,NO CONTROLS,UNKNOWN
785,4291d87b2883c430f5b1c97b8c87392407dee9270788990b340ac2da520db521711dbad05ac0de90f9c85218b37050f1926c0c0e7d7b241d543adafe1acc1c18,30,NO CONTROLS,NO CONTROLS
786,d40cb14988339b044f3d784e836c40afdc8e76b879780bcfc4b1428ee6ae5fb08726b25652ea922dd4f842e512e8b1dbc388bf03b52f075c1f48cacfc47175f4,30,NO CONTROLS,NO CONTROLS
787,9d212d247a73aaa20c84b378ecc4134feccaa43bed3b9b7b4094e7a5e8f9eff92a6b69181e1cac8625d6d4af0db2d09cce41cab6fd7fafd77f950a8a7920de16,30,NO CONTROLS,NO CONTROLS
788,202d668ab55bb77ed1d4cf6b905e3f27effd5742e58e265904a2d508856d588c8c99dc9bc840068c443eaad99b81a476a1148bd72e2b394e3527b22b520429e9,30,TRAFFIC SIGNAL,UNKNOWN
789,431055692deb6db74e44b42ba1d2fcf8945b6fa88963d697784b2eb88b0b3401fd01359e6e2b0588447a2305c75781c3f2eaf96e02b03b25d18da3f8eed0be0b,30,NO CONTROLS,NO CONTROLS
790,ddaddaa60ba2bb471fc013b6f66b252eae7809d4f9c61b0b13d3a594ef0a5512a10bcedd9cf0495e1bf27f4f66fadc1b4c26f4e1da21af1249437397ca17c70e,30,NO CONTROLS,NO CONTROLS
791,62063a6a62b01fcb17712e5d58751723f9b85a3a9e2168026507d13774450e9da630562429e726fd59596276475ccbc34f52f7b5520f96a549a50588773d244a,30,STOP SIGN/FLASHER,FUNCTIONING PROPERLY
792,2bb79e87224ed5e36b479c04e6e564efca19a69d7d33c68d5ebe71ab2e3c8e5867dddcae1363b03ce0b3918d311d1b110c8197277ef18cd6e1fee69d25732524,15,NO CONTROLS,NO CONTROLS
793,f487a8874809b391f7a81554a5a6dc40821add0f0ad29097a653c78d4633062aa411edcd2691b7bab59de8fb60a4c1ef623f9ab3558c3b81a92ba36bdda40a54,30,TRAFFIC SIGNAL,FUNCTIONING PROPERLY
794,de6479e24591b03f00ada61f0c703febb827c90c8db3b947192042825938dcdb6261a02439da269c9e1f7f77c18e4aee9f549b1d2aebc09493780903fa75b0bc,20,NO CONTROLS,NO CONTROLS
795,b230f385221223c04c285b76d4418880baad80f26f667a4f1e23fef6de8cfcd8539d7a03e48b4d83245cec4a4a0eaf329f7961d572f4fe24f14d539404e3bfb1,25,NO CONTROLS,NO CONTROLS
796,56fe548d9797f06c5397bd485e79ab9c66076ff34de672ccd7923daed7b1649d525b0c0f642cbfdb7ffdb2c5c0d9492ae16fa6f99644b59d6a14906d98c8cb57,30,STOP SIGN/FLASHER,FUNCTIONING PROPERLY
797,94cb474fb72b3b8d69eaa8d2abbc6530cf85fe797f22a6adf90b372e32af0a5c12475a53e32b0a27db4a529a66a8cc0917a415dd3fbc8561c122759dba82f7c5,30,NO CONTROLS,NO CONTROLS
798,656e59fd125e26a1872983fc049050f380cebd37155d68d2bc54e2b642011df85146b256b63e36a49dfb9bc5aa9dcddab7e37a96661c9bd3a13b524d275e61fa,20,NO CONTROLS,NO CONTROLS
799,491eb53b13846c0e139db5ee7ed70fb7a198d626cc899e34c1cd02e386a442a7550b728eae392bcd1da12ed432f2de4e8a52321eb6135ffac386eef4e222fa62,15,NO CONTROLS,NO CONTROLS
800,de69387226be8554c39a4a2660d07a7d1ea74d7be82acaa8f48c2fdd877e80f9d4450a877f41c5af5fb5395f3d823949155f84dd97750ad42a09c281e0619a75,30,NO CONTROLS,NO CONTROLS
801,24b1b71dd0908aa51ced9cf90f6b83eb021f569cd6673acf9af290518cce1c3735612e163f52173669e987a2a6866b3314d933f7ab499466725d2c1e2b5d416a,30,NO CONTROLS,NO CONTROLS
802,779f2ddc4e2f44954bad923a8abd78d1806d4443c96c2b7addc843a35dacb9a2ede1c773cb54286faac9aa0029d322558e978f95acbc1ac69700e0dda8b0eb8b,30,NO CONTROLS,NO CONTROLS
803,725945bb341e33d79f2dde33c4cbf0f8ea468073652deef25ca4a73879c1f7d47ea09d985bef2fd565e5e81bbbefe354072a51e7c5cb1da0d870d22db2db89f8,30,NO CONTROLS,NO CONTROLS
804,b83dfa3045e560e7fceb6c6e672a64d826ed985c00c4f2abf1f38cae872c6c2a162d282c6f131d01c961efe9501fd9079e1bf68ce196d1e511ce0c1e6942e2d7,30,TRAFFIC SIGNAL,UNKNOWN
805,47adfddca2f80ae4182319b62406ef4957852861e2ae74315dc45e9b267abffb7e082ff7b203e36718934cf7d44bdb58634ab4fd608dfe3224724ce83de92885,30,NO CONTROLS,NO CONTROLS
806,31f4c9353a72c9d00b3f480fdbf6843a562f1094c2b49d4d3e360b391dc82cbd3be669243487859fa1cc87ac459804ded17961ec25ed61c141ce794cb715e1b1,30,UNKNOWN,UNKNOWN
807,634426a4e58b2ba2bdc58410f5ee14fbcab5d73c087a289e74796b776230a214c248c3baaf502cb715bcd02cb951d7130bc6e366a0355fe40c827b2ed381f937,30,NO CONTROLS,NO CONTROLS
808,2e3784f5bb9a49ea563c8f598e21c2c3a7eb3b222153db7bf7307382fb5f25ebef32009d16e598ea76d66b3518bc3d9e5a375e7e24d754ee0151d1b167f9cbf3,30,TRAFFIC SIGNAL,FUNCTIONING PROPERLY
809,d93dd83d41ae63aa85e455c8deef02312af6fe3aaf0fce33d20c734784ff4fcf86d4d66a89f650f8aacc226190e931a9fb4e4a24345ba031c1a04d2de3af243d,30,NO CONTROLS,NO CONTROLS
810,13aafbd29aad41708bc1a8b67c3c8a9430f65df8ce857d88946cf7b28f494b0f618b514f64541c71e2246bcc729be92c6343a02a1918f47c0ed36bae00f8397a,30,STOP SIGN/FLASHER,FUNCTIONING PROPERLY
811,1cc31056a22b9fedebce95f61bbdf722721005daefc47a627ae9b083041a9b59ee25ebe7d38cef70437148e032f483bf1c8e4302e56ca3ddb1c76a96806f3af6,30,NO CONTROLS,NO CONTROLS
812,983651a15b593f7d4eb002e56ac7d28c2084e52accf92dc7eb3f0cf3cf9260569378d84bc284810fcf4c0567a841b73eba95d0a0963afec752505d276eb833b5,30,NO CONTROLS,NO CONTROLS
813,082c4c40aaf6e17961a9d13defaf948c248a2acde5330edcf3a1bab75a628e74fe5833ce9fdc794b1b2bf9d725254c32b6cdda8adc049fc16b755adcc7f45d92,30,TRAFFIC SIGNAL,FUNCTIONING PROPERLY
814,523acb7250829da4df2692daf3a92af6fa7652e61f66ddbaf83b8ad64a8f7483fa7d9118f6a6667514306c19557b1a1c3a5419d97b5042fd5564de9aebeb3e90,30,TRAFFIC SIGNAL,FUNCTIONING PROPERLY
815,b4053cd13bc94051127c6e8bc184082539725e885187ac5d98276ebf5415f8f942d76ee101b71c45d3c6d9e569be5beac9736066aeaf66a88e117c2886d97d5a,30,NO CONTROLS,NO CONTROLS
816,c2a82dc1ef8d20913588cccd3733473f4d4ab946241f9e67c98ae600da7276e737e4bb8cafc5f488ce72a8364947eef60f36759481d9461b079608dd4484a0ae,30,NO CONTROLS,NO CONTROLS
817,99892f02023c8786ac1de6002a7e3e9346a904339ad821f7e62b422f77f1ab9d8a2970e50922b5303a195cfbf6a543921b1ec8f369d76a7862c19d7b67550fbf,30,NO CONTROLS,NO CONTROLS
818,9a6da311ebfae3986b20e4d3d3527eaf189c9feb8a10c8f31d27720ae5731feb5a7d79eca5789aa7895bd588bc8a152980274d019155c14be1a35cd633b9f9ed,30,TRAFFIC SIGNAL,FUNCTIONING PROPERLY
819,e6e2509e29b945e71958d76a762d323489afb288173d620a89c1043f209396082dcf5bbe3ce2fdba94f71e03fb7304ff16d6e2f37429c5949928b796fb48d873,30,NO CONTROLS,NO CONTROLS
820,320c4a4d4f0c10e63c8c5ab1ae7abdc5a827571ed5aae3bf3374df49c451dd2b82e17d547bfba875f6c3a7a67823606bede68a08dab7c810480be185dc2f62c1,30,UNKNOWN,UNKNOWN
821,f965e8ecb373f7a1531750cc1e49f8a63bbd141137149283a135ff172f4e505c256c3dc6c935efcd5a1927aa3f6bdbf8c32ad5144160e6b300c3df39fd31b429,30,STOP SIGN/FLASHER,NO CONTROLS
822,16330e85ab0e29fae3925510315534b5d86f49123b6157fb8c0590387eee25fddbf8619dbb633d57b79b94e6d0a751318bed1289b9a18de81aeec00de93f32d8,30,NO CONTROLS,NO CONTROLS
823,3285eeac975f482aa0e2d7d19311fb98e85827279445fa54b0344488dd7363906d6d0eeb59c045652726f566828a9c721a8771434e087e27099685b824066849,30,STOP SIGN/FLASHER,FUNCTIONING PROPERLY
824,e6b5b7b8347783cb0956cdd7f9189811bb01404d54aac5dec7a2f5996567982c5d5315d8fc7bf47eedf294397b367c708dbb6fbc470f4bae9fe1500dbca93441,30,TRAFFIC SIGNAL,FUNCTIONING PROPERLY
825,7df3d2670521b87db01c5431438b6539a433ef4383ed2af9b286355d14962e627538349a43d3521a762d7bdabb5f34ef0427de5c1b0d874c930b31d967d4ec73,30,TRAFFIC SIGNAL,FUNCTIONING PROPERLY
826,bd03b5849f7df55eb5a84aca51b3121bd82c4320aa32eecd1bac32a4152769162c6afd41b06b27cfe8272c8df6409c2fb22d5b06ebb973a27d266d315416a6cf,30,UNKNOWN,NO CONTROLS
827,3c02d6b8e534b7c1214c555c6606ba6c75256872fa482c84106d67e4bf65aec2fb75a4463de5c84b6a52bdc1495088d90186fe6a4bbc6ab1d4b3fd37e8944c3e,30,UNKNOWN,UNKNOWN
828,72295ff2da7d316673712795821cd5fbb4cdaa75b24a7b99c54e4da34b28a8b81e06c1663bbc70d34b7218f6772668cc1ad5be65623992935dc4a442679973bb,30,NO CONTROLS,NO CONTROLS
829,30bac5bca32129bc9ad0a22804d32e8d5a6d9dabb6522682ecbd6d6162193b4b22503d05744f4c788825d801c0a1088d177bb968414ee99facfc53f7dddbbd50,30,TRAFFIC SIGNAL,FUNCTIONING PROPERLY
830,9089a83ecf08eb9e16c30d1c03f880cdaddcaa261261d424b74745cfa3ea5c6b2f1ca8070a65f80fb78c0bf3d01e2592e84573fc34cf7c4dbf8641fd662bdf13,10,NO CONTROLS,NO CONTROLS
831,4e9c1acad402953135d679792cae0aefc13a732844ee4982f8ca35d8c17d5f4812380c413423e88b90323332f00047b9441fc48a0d004fc95ccf331869437693,30,NO CONTROLS,NO CONTROLS
832,d36ea78d27190b22f21c5caf03405991d20848a5a5fc2bdc34f275bbb66830db4ad6e3c5d3ef0b344b905edd66d562adcb9fdd4f33ade660ffb29b14e4578e2f,30,STOP SIGN/FLASHER,OTHER
833,d57e7c8cfa9fff66cfa0ad69ab075e4dd0d0c518c6cc31136ca054fa8c73647959efc722849dac4cefca325cca8a329c93605db5cf32cddeb53addfac39208ed,30,NO CONTROLS,NO CONTROLS
834,e9d276a2dd43a888251d8b508c30e7686df37f1d5a4e9566ca40c060426dfcad992f01e039d0cc93eeb0325392bfcb8ab9a7109af3b703d69b25612f190f3ddf,30,TRAFFIC SIGNAL,FUNCTIONING PROPERLY
835,49aa775728342aeb6104955cc08473ee442adc3c48143fb695bf2ea88d98917f5777fe5ca81839a2007d796a83f64ea140fa04cbed2dbefea41da602cefa964b,30,NO CONTROLS,NO CONTROLS
836,2357792b0aa964a306741074d73538828d3f5f8452b9355cc4f82fa2cd5368ae44e5d894b2731fc9cd682885e3427db42b94b52187639f8fc3a9e246356bd421,30,UNKNOWN,UNKNOWN
837,2fb11dca432383d27d6ca4d8cd3a97072b1cc59b11c24db708994ef5bb5100b2e58e1eafef1de49a3c4acdf04e66c35fc31699c9461e276d3aa065eb385bdc85,30,TRAFFIC SIGNAL,FUNCTIONING PROPERLY
838,fce5ef5861f9f979db3deca1773509a8530617da8fb66119a15c279e522e75dc7058c782f164b4a965850b8382f34210713366459680a23d2f2407bd0c02536a,25,NO CONTROLS,NO CONTROLS
839,4261f3249e02ec57c38e7e2f0916e867de77ff3f04c3890f837aba23bf25e294576e6691480ebc42552a861dc538dcc561a10a01d66c5ba6f0581a55af22f25a,35,NO CONTROLS,NO CONTROLS
840,f5ee634b9cadee72a92cc0deb039482306d71ba59b9ef7d733024fc4099dd6461820cac4c11c5678c40a4d032e48400ec33bb3ca80e4361d4c3e57094d378afe,30,TRAFFIC SIGNAL,NO CONTROLS
841,123f65458fef19385834991814f2fe59fe414f23968daab6bbbd52fab52bac11b84dc9426116e5559da47551c3ce6bbf68a72afb4d2a492eb155f87408e3ea76,30,NO CONTROLS,NO CONTROLS
842,ffafda98d1742495f37cff083562663adab4ebb4308f73edb29a6c76eb04bc559f420a86b823f9f5a818c2cd716d0380f5dba6db80546c4c0ef33bced2e8df2d,30,NO CONTROLS,NO CONTROLS
843,19e9a2dd23136ab96f394d1258f34f77781a097a84fd95951e73c3cf3ee7b4b8eea247b046c6d7353b5a9432d8fc852cd39582b021d9eff0c6f766d7f71d0fd4,30,NO CONTROLS,NO CONTROLS
844,4fa8bfeff0c3e5e74c232e3015f49f4bb163917fcdee90f9c93c57923cf7533621e9fb79acf6294921b3b82cdb7ed36d36b1654c8ff58337519c8384f078659a,35,NO CONTROLS,NO CONTROLS
845,9fdca036d154ce56d3b030e6172151bb713b0f14f3bcc8d3ea377bcfc05d2fc577cad424249855ade0704df14fc660a3f88cf105f097fe368d22ba8201015b83,30,NO CONTROLS,NO CONTROLS
846,2078f0622cb9504b9baee874263aa102a2f517ad6c7d1ba9004c28e8004a4765d468da0531643cd52175d24f454e76ceaa115149af87fe3c9f376ed713992a0b,35,NO CONTROLS,NO CONTROLS
847,96e06710735bd064febf10af935c8070bf6a329860ac929a96b5b5425271461d65f4ff4cc4c060d87d10a0d30174e5a358a0cdb26f59d62068bf5eb1a4933e24,30,NO CONTROLS,NO CONTROLS
848,d0b6074f2f7e3b08821c4e2b8177eccc121ed34295a5f73202b606dac9b23a2f9c9f6d987610018c1cc0ac793cf510b1ce09ce66b6d2660b943be6fca33b4328,30,TRAFFIC SIGNAL,FUNCTIONING PROPERLY
849,5d4706a845131dd61168eac98cc2ab9868483edebede43e067d2b9beb1fb071d39b80dd0e445ccf1c99d6cb06b27c408e345c8936733aa238b9e26b88b7d34ed,35,NO CONTROLS,NO CONTROLS
850,099df5f098de3be83211addf2336f828da5ffadad9145c674f5c76b87040c675d70fec16e9f333750bd41ec2d7ed0e65aae264525a41f4bf97394db6e132c35c,30,NO CONTROLS,NO CONTROLS
851,f0676daee90f2aac472e9d534d33da4b8c56ec565646f6950e01dafc9b2de79b7de66a92f02cd6fb918aab7a47a5b44331ac4be86394dbbdab50d74c7aeeee30,15,STOP SIGN/FLASHER,FUNCTIONING PROPERLY
852,a69e0fd6f9d88e23d66d7510fc659a269d9f42d673f19bc715d70e84b6f0df2f60501a944cbfb8d6cca8e4bfd9d7abcc1f1fc4c99a23f526db13a28fa9284380,30,NO CONTROLS,NO CONTROLS
853,3511b6974221bc71bfadb79629049210c5d61fbe551615ba7e8d1ecbff561162b93485d0be91fe40fd1ced69427f9b88c2a30a8921d70b49d0a4f194ade0fe5a,30,UNKNOWN,UNKNOWN
854,b32a86656557668ebb780025af027d1f9bdbc824690a363ba585ce426a7d1bc3983754517ea1d89b15851e48e1e77ac0aec4c86fe1d2b27b907eda7e94527bc7,30,TRAFFIC SIGNAL,FUNCTIONING PROPERLY
855,2563e918e32332d116fa5eeb90816a1f0e38bb667077a69aecc57b7073e6be347033781e285d9267fbeb44b57ed07c348091538a30bfe81451cdddb112faf845,30,NO CONTROLS,NO CONTROLS
856,434941596804df69c308d9416e5bc910da20ed0498f5d98f3420769c79e8d770895fe1957316e4fc91468e73fad671cc295bfd8c7b689175f99830255cd88b84,30,NO CONTROLS,NO CONTROLS
857,e1f49272816c1e02d673b1e3b22c1e6d1759e3e5fb3e5fa19ed9125c89cf520f552b1149a62b1b5155373e13ec657fc42af4d6efa3f9127e11b305a2d08980bb,30,TRAFFIC SIGNAL,FUNCTIONING PROPERLY
858,4ffdda0a153eab13368f34b109bcf52bab85e0c3433c9cc9b206cbc7cf45db6ae704a1bfaf8b25b66124cf2252dccf4fbc4b562a6827c045644519b3e667a6c9,30,STOP SIGN/FLASHER,FUNCTIONING PROPERLY
859,460cbb424bab8bd1b67a83d921a22d8ff3d0987daddd1800aea524c410adbb15bec70c62924cb3275dea904652b18b29dc89c655f1a0639d28043770584f9f96,30,NO CONTROLS,NO CONTROLS
860,53b58e412763a3b0d872bbbf09e88c4b6d10a5cf1b8bec319d25e98b01e3b89900ca43e779ad65a125174a96c5d4a1b82528a00841f4b03c2c5e613b807865dd,30,TRAFFIC SIGNAL,FUNCTIONING PROPERLY
861,6854f17e34c0cb3553eba21fee03ceb837ecec0ba304ce605c1957eabe4c5f50d7f90ec610ae2ba9e98d63c3440438151ff0530b8ee80f3222f5fba64a9bf33e,30,TRAFFIC SIGNAL,FUNCTIONING PROPERLY
862,7e70d67bb11492da83ff12e3d316113801a0224684056aadb5cc82b2af5781c4d461051a2b98219e44cb0451ec8b245e0e7f84e2c6534bca008d22e82c69bd8d,30,STOP SIGN/FLASHER,FUNCTIONING PROPERLY
863,51fadc4148b02463a3a89a02dd9e5b0fd1bd25d50d0fe8cd5d4691dfafaa0fdedd6c84535dae3176581d708a37cbbbd76e77001dc112a3e110e3b79dcc36166f,35,STOP SIGN/FLASHER,FUNCTIONING PROPERLY
864,794bde1b61ce21e6e56b8c99475efa1321192982d4d37af2eab7031aaf561a9b28e3db41880570574445df49df9c9c0bc401daafb7b8c7258845f088fbd3424c,30,UNKNOWN,UNKNOWN
865,4174a38f680f673d022dba748723bee9633dc3f07ee3973a8d0bd4bc99b2c6cfeb4bf4476712981b043b40610e85d00eebfbc938bd87a3760fef8d7ba82f9089,30,STOP SIGN/FLASHER,FUNCTIONING PROPERLY
866,e11eb269fe8dc03e5dc47ea6bebc54f659341c3d2782320ac7bd22438b0574b2424f342b1f5c6473be17ae6339afbb85bc65220b1ccc51f6dd272bb286b79743,30,NO CONTROLS,NO CONTROLS
867,1d1945db52c262d20ddb251f7307e7e93edeb2f22d8b73f2d51a55333b500d7b677ecc6e3a0e6f322f6a5fffe3484ba53107ac15e1a61f58e0c1ec43c6a3dddf,30,NO CONTROLS,NO CONTROLS
868,2e65a2e68e9b7ec05fd25d2e3db0f04b3af2bdd4854901d60f8688a626f4af8b02e524eb6d123aa46a0db400cf9a6f4ad51ec7ab8d0d0662024cd5c1c7610bc7,30,NO CONTROLS,NO CONTROLS
869,2c84550f5861a44657304e8d279891b08dec15897e47a6010d661f21246791825d9ccdee00253b0e3e16870b54f0a186ca593407a09ea60ead06e54dbca2f5e4,30,STOP SIGN/FLASHER,FUNCTIONING PROPERLY
870,22e36b3f612e69ed4f10d72ae0ca3ff5caee01c1a4dbe8972e2dc80e2b40027540341d0a3ed40f233cb952b33977e2f3152ed5392ec58ae8d726a5cd49bebe68,30,NO CONTROLS,NO CONTROLS
871,aaa1dd4d8f6c31bc8f179e9d295280fe3913dee3d62810ffeedf33950aa944ac04975514d5d89578e0f4e2f76cdf77945d5c6eb910da1acfa197fae20a07e8a8,10,NO CONTROLS,NO CONTROLS
872,5c0ec8b5334fd0f3de457a33f6852b734a55cad09f265daa55bb990eab486f84d616f6f5f54c27a3a20cafe1415eb8f3f28d8975322f219da863e2b67ce56aa4,30,NO CONTROLS,NO CONTROLS
873,621a7beeee94fbc87b2ffa8e221c977098fce3bcdb4b7cdaf51f32d4111979f29901a31d7e0dfc613d41bf61a749e7ab0c4ef009d7887076d33e113cbcfee9f4,30,UNKNOWN,FUNCTIONING PROPERLY
874,46353a85a505f559706413eff59245fe6f9d7ea0d340b46a0ac5ea4e32cc258b7b9fc0c50c72fa127d8494842e8eaaff65fb7a35a02848b9f80dcdff48cedb91,30,TRAFFIC SIGNAL,FUNCTIONING PROPERLY
875,5008644f7ff3852f7a12a8dd2fe2805e327a7d49fce35265173b94b48aa48e4f0b44a22391d1c5f06dd75149eb5830231d00513aa0e2cad8f1d9d40ca8372087,30,NO CONTROLS,NO CONTROLS
876,2812af0ed3a71c51e66443d7dcf6e8233960a7d72d8b8565620fa536ca07e7fcc3f3e5e340592c5c4bf333fad4535605eae1080824b607540a16bffac92f9dcf,30,NO CONTROLS,NO CONTROLS
877,2b1b36305ec63d1e21b660d3ac3ef16d36a6bfdb2c1e9e0f784950061c90282350eae66845dc84ca51a94366ce20956269fc2dc83c132a8567796dd331ff28d0,30,NO CONTROLS,NO CONTROLS
878,3c7580d4453000d1c0f87704207772d23508f195c55046247bc2d68257ebb870a74a42e85333db63ea70a6891c4fdff81a2bf9ab7f637ab18aa2ffe26ee7de4d,30,NO CONTROLS,NO CONTROLS
879,d921bf65c10928a0576f9268f627bff245e53e96f7b94476089c4ef49d9f31d70436f7d8cb3e42e5f7e9200bfa2428a7a5e913368563a8f0369563495abedafc,30,NO CONTROLS,NO CONTROLS
880,793eda7b837764f5c1f76d6d57295435bdc00ba7f670aeba603a217221ed8ead5e8b247b69889c0cfc7cf66087f41169d50e264f06f09b50c48dec433e238839,30,NO CONTROLS,NO CONTROLS
881,b2ca0218e3b57928a3a4d3ef9497bcebaa4edac447820e9c3125d6cc3c5bf138688733d2fed778a31ce73f06be8a4ead8c7ed67459de0ade3b29a646a3f2951f,30,STOP SIGN/FLASHER,FUNCTIONING PROPERLY
882,bfa2c42386816469de65765b2ca6b830bb6428714f2bb12f01941ae219becee17adaf42689c8feceefc730d324b214ccfb0d6a999ee28e81172dbabd50763eab,30,TRAFFIC SIGNAL,FUNCTIONING PROPERLY
883,2ef4986393cf89e712e270029a66408327de41f3fde3e3216b7dc538067e10f02d48d34381a5871cb5abd7a0f207010c9e9189185ff114973f25258257fe80b1,30,NO CONTROLS,NO CONTROLS
884,6954262178f1ce8480994b6a7212d9cdcca01c5654d25aa7ad8b9ebdf28aaeeff10e55b40934c58894d08be31d15fb006c6e5d9e0abcb34d24889343780cce22,30,NO CONTROLS,NO CONTROLS
885,a2554efa0fb28deaacd47dd2e22206bb0b6e8debd257e7e0d57d70b2c2818cf979f16fcb15a17dd93c87482bee847e8dc1d2645c3ce8a2c85fd20e763fec002e,30,NO CONTROLS,NO CONTROLS
886,df7e29d774552cda25c62cd3bc38292de99a09840095af1753096c2e02c59653cea39599bb675debdf51d76039d1536102d7dc04f429fa651d84331cab898c4c,30,TRAFFIC SIGNAL,FUNCTIONING PROPERLY
887,ff20938fa3edd17110226fc99f0f7c11524eba79011ee0c055a928c2ee7c035cb01c2f5ab9a6760db3f8c66b2a1cb7ca1e5a8ca5109530e7b7c430b3ca108b0a,30,NO CONTROLS,NO CONTROLS
888,d7823cf38ea3dd7b13dbc6ea8e4b0b825256e3c3b1524363146e410c7405cf354c0d57a09fcd28448467a0ebd2eb3473ce0eb0d9806c613f88b7a68185f1aea4,30,NO CONTROLS,NO CONTROLS
889,3d2816fd83079d7edc63a00dbc309d04bddbc133f829fb316cbb9ed87f737f030c66583fc8a2c08d620b5464c9ccb6e96f763684b936d2c9974caf071ea0f05d,30,TRAFFIC SIGNAL,FUNCTIONING PROPERLY
890,29d5ff6d2cf1a37bc47645c28a3de424b4652b9d62a4a6f30b52716c12eb8cd0075e0b6f260c0cd90dbb08b1335580b88ac304774a3b8cb1eca41b5bd931a186,30,NO CONTROLS,NO CONTROLS
891,d296115b21d7557f2e4d93236741881623b5f18cdfc78872e404c65b222e8974d57211adad8d985c23203160814a75fa098da369da35a55f3e638354a3ac502d,30,NO CONTROLS,NO CONTROLS
892,802cb8f5ff39615e41505715218a4daa459df71f9a2ac59b6af09bc777c9b08b0ef89c1457fb86048bcf17d84adf80b75d0255963f13e0b71aa17e63e0c3e330,30,TRAFFIC SIGNAL,FUNCTIONING PROPERLY
893,ddcd98e2c59344843948d37c6d66110ac9be4b47423b6be0a5807bf3f41bc62eaec4ae6a9754a4a6b9539e560174ea8474607ab32c3ee8c9da7b126ad3891377,30,NO CONTROLS,NO CONTROLS
894,03394f82f31296c5b4fbecd70a3ffa1d4600746ff7b5f27fcab350bd067d10d4b0a3c539352c70512bab347ef73cfbd010d81f7b2824022e8694da16df1319aa,30,TRAFFIC SIGNAL,FUNCTIONING PROPERLY
895,6a72cfdf9ed2bf657a8b783b646036e4150fa2a3cde5718277b1d78cd8b28cc95d5a805b471de742ea416350223d29a2d07bdb731b11adcda3404c66267c58f1,15,NO CONTROLS,NO CONTROLS
896,ec22533d92280f2e6be63763f1b85c324e88e2327027b046d8cd952e25009f9e62f106a8c7a83e4437d74fd54bead0633e471b0a66c044e7356ce59ab807170a,20,NO CONTROLS,NO CONTROLS
897,365734bcaf66d8d09c70871a5f319d18c004c07c8bde87fcc7d5135f5dfb759bcdf05b1ff06cf501f92541f353076b276f9a6e6fefbed296bfd1584e3243477b,30,TRAFFIC SIGNAL,FUNCTIONING PROPERLY
898,c660d77d4f3a891cc76573e94a79d2e732931a0210c9aebdbe5806a637bb48cf7b055eca1193b35de470617375b7e1de2615dc4d6f2721f08e7910457d1bfae5,30,NO CONTROLS,NO CONTROLS
899,43bfb5fa08914e5df91c2aa6a2dfa6fbe34e43e04517a363aeb11df62aaf8b7a7ee2d304d2f8a78592392327154c48cbb829a157e9e272b5a31573fbc62b7055,20,STOP SIGN/FLASHER,FUNCTIONING PROPERLY
900,8f76a70289d9bb72a082973c83970f72b62886983db3af75da5553651c298dc2721d1112a26928019293b4356b04570859d981fca3bfefa7bbaac78b461e823c,30,NO CONTROLS,NO CONTROLS
901,0a9babaae038f9a52b1c5bed3196e85a3cfbee26fe8081ba87def3972558d2cc5f48b07a45c7911bf4ec7f1b38952b022973606e1231069776bab950733abf43,30,NO CONTROLS,NO CONTROLS
902,40b016a78419e802e77096b3e06f0a46f26e1d9882b64d4340e39e0c4cc5c77b85220ecab5926fd6053dc26dfc75846da67aa3947f3899d8a4f8a0cf3cdb82ae,25,NO CONTROLS,NO CONTROLS
903,f2b3300a81f3a0b348c56ae1b383fae8db9ce78a0cd4066e57ea200977fdb085308600f80a6832c4401a418e5e91af726b4b47f5c121c90b90e46a8ce66a2b1b,30,NO CONTROLS,NO CONTROLS
904,59b193872f44fbf512fe182eea2f501fde547ad71b7b7b49f660d7837d429f4946e687b42b2782071305a219c1c4d6b6cb4f427c08e3f3768003979bad65b95c,30,STOP SIGN/FLASHER,FUNCTIONING PROPERLY
905,5260148a3011c52e6d1765811eff7bd39430a0d378bbb9f21836b5897a967465c8423e9770e38c9e1e6bf20602621d09665c267943421fc971f28977d371f8e8,30,NO CONTROLS,NO CONTROLS
906,a0b577e288981a98e0dd7b75eb4e2fcec30233f86c9dd08562c9afe5d0c796d4471fa7b0bd6abcce169bbbbfe6628bd7a26bce1d3ebd13866186034e0432b2fc,30,NO CONTROLS,NO CONTROLS
907,2b70540fe51c9abe7b982e4a66facdef6fe1438090bc25419c565b85bb07d339299106198ccc64099218221d89973e4b5c247f18271a3d3d3207cc26fa20fda4,30,TRAFFIC SIGNAL,FUNCTIONING PROPERLY
908,d3cf7c39ae3d752009f7fcd3e51ab86489fb894ecc80f6dbb819bbff341e7ab534ccbebb0eefcf389d425d07e78c87d465b16dd8deeb28b4383f5a825e4ea674,30,NO CONTROLS,NO CONTROLS
909,9486e218da476c24d9d0bc94a9d3915535e0c2a41b6df0c2e53ab3ac105b854f3d5a49358b9ae52833dffcc8fdf27e9c3b81dd5a0406b48bf444f08dfc619e4e,30,NO CONTROLS,NO CONTROLS
910,a9ac77deeef450599dcc4f80a47da133ec7846615ea309e70b9b3dd96ddd25d21753bb901a04b1e1fee3b8d302d055ad80d80a8babdb638e1fc64eeb57f8dd0a,30,NO CONTROLS,NO CONTROLS
911,70578b97be9081b5401e9a2e24471939deda1049341bbab8164c8ef8868e9b8e00363d0ba4769aac01ee2386a3d7504ab082db5811106d7efed9c4b709685161,30,NO CONTROLS,NO CONTROLS
912,27c2dbcbaa4c6b6559fd4b9c3cd0d77d27adadb3ece4343adda34ce619081a791b37fbc1977774d49b2ea7a7bbb078621aa589835d6caa5b4f5b34e5fdb4432d,15,NO CONTROLS,NO CONTROLS
913,1b6d22b5ed03623c7ca900cf6a69ac4512919dd5812c86728a64941ec41ccc93466b192954684ac0fefb66c9f3b5797fc974c841e3c6c0edba8c8eb5cca53c03,25,NO CONTROLS,NO CONTROLS
914,1fc3ca9a514c22f07ac09bd78e335ef32237981134d2260a2433de353cac2a976368a0cd0a91636b7d68999ae7670e6f3c23edd64086be55f7c42e1c584dc8cf,35,UNKNOWN,UNKNOWN
915,d90ac92b58ad9d8380dcc7e6727198aa8c5be95bd32916608a4a5d29288304ec65d0d205317f34585c0dc1ce3621124ac16a790cf5f076ed0c0e66127600b336,35,NO CONTROLS,NO CONTROLS
916,e53a2b77ee01aa7b5b85eff57271b90fd36a7fbaac3a29d7fb482a0f54d20c567e8ba302f7339622d3c39a056334056825ac5411e560ce38a27c6375f03b7f79,30,NO CONTROLS,NO CONTROLS
917,dabeb4b26a988380e35aa7ff9020adc68e26e7b54661f73913954433b7a957198c7de6daa228775207b2c57a92ab1020c88236f20f0ceb10dcf6750d2c41e8d4,30,NO CONTROLS,NO CONTROLS
918,a905774ac584597d87d6ea0a613205470b9a37e242fb5e661941f25d3fb8f39ae9f885e54c989430499898fbf7c42036653ebc2b714a234907e3c7b240f8d3a1,20,NO CONTROLS,NO CONTROLS
919,14971f5f48cd275430f7140206e09469b033c4cfc82635cbf8aff4fe66179c227f85a025e75fb23aeb56aa4f7e8ad313e0f2de3f9d4cd836d93650d62998426d,30,STOP SIGN/FLASHER,FUNCTIONING PROPERLY
920,88bd2e5c980d59b7106d62b1148d81f45e410c421a86e32af7212a0c7e82884dac8c1f8eba0550acf1f65072be478c2cd4f4f50d874527c900e257f105464d84,20,TRAFFIC SIGNAL,FUNCTIONING PROPERLY
921,ad7857df300bb71cafe4fbc93c24261813dc8aefff8b4791803b4003fc405c9f5cf71cfa208eb6c550a87d3516478a9aafa0e1b0d9c2bd61fe708155e658ce69,30,NO CONTROLS,NO CONTROLS
922,55b9c7e00fb6ec33807c1cf759074f41c4c362564329ace8224063292a61c7f3ddcbf1a361ca3b80450bf78c26812d54001ce143eedae54fa84610588c16ccbe,30,NO CONTROLS,NO CONTROLS
923,9bc69867667be41bf8fc4cf4edc4a733a4b851dfd6ac277cf322a9f60c34377ab89db73a3c7f1547419d8a32b476d0a587b2f702eb2ccdeb1da828e775037eb6,30,OTHER REG. SIGN,FUNCTIONING PROPERLY
924,1e09a50a060208deac1335d944415fc1ed951ee8f27bc5e31d4e752cbc56fced5e3ee2afcf161dbc8cb8003d05b6de3c78d53221e019606e7faf19a9b97763fd,30,TRAFFIC SIGNAL,FUNCTIONING PROPERLY
925,9d9d95693c30608adea96d8420000c71b517b94fc78fcbf76e02c9613cb01373e7588aa0070e9fe8509c15ea9d6e2c650f6b7090409f1a9c32ab400f340ef875,30,NO CONTROLS,NO CONTROLS
926,a5f42d89af8ee3f6f7c9d26df75bf39d16a2edcaea426f91de868ee3dbcda1a5d05d3100ecb53732bb947e6ee07c2c652014f2a6a938f40e0af58b93c83f4008,30,NO CONTROLS,NO CONTROLS
927,632d05cf589c95167e0d5c40ad43a80c3c0bcb1896ede6dc370a8f72ca1c9d5b75ef61b046b2daa71fb1274e239ff9561f88585c0c32eabcf9af9f3fbac6610d,30,NO CONTROLS,NO CONTROLS
928,9177371ea6116e42fd01c86beb32835b75d6b830a5ea5dfc3a3452b66e4720a7cb0526b012f8761d672b28ce20df7bd217c89ac2df00305fcae272744c109517,20,NO CONTROLS,NO CONTROLS
929,0ca02f21847b0eb296d44c12757740954699221b08bfa0b6121a415d95a60164956495f3806accb56ff299487e77205a57bdde02374156910bd7ebaa21291e1a,30,NO CONTROLS,NO CONTROLS
930,ddeccfe8c3e34f07741d716afa57d0e8a4cd294bed4d360dd767b70d7cf8da3fdc5bd1420b59cc2c1dbd64cce246b7262b4ad9a4de5d189db1efefa445fd58c8,35,TRAFFIC SIGNAL,UNKNOWN
931,bebe9971ab43f86e7af1f53ae3a5120892e71d2bfc76e27cad185eeb48f5bac372873342e73998be96045ff29e73b0b218d97221b4abdea2219335d06610fbef,0,NO CONTROLS,NO CONTROLS
932,26dbfae63a5943a34fca675ef5c3a959e802cd3a97a9842281bc4fed3f9effcf3744c6e855b978272b1f59b77a258ab7d863c75e23d3e21e69a2738166bc84ae,30,OTHER,OTHER
933,7c44a5e5f10ed5f92e978c428e61d283cad55e5b44f2f9299218c7dc3f38bd4f7480c883a7fad9d126e3ddd75b55641b66a6ede61e26153a4db378631d283d08,30,NO CONTROLS,FUNCTIONING PROPERLY
934,c7de23366dcc4f781b7a061c41d3fc1d3ded817120f66bfcac35875a35ec651d2fe60f2549a28b8e8ebda8fc6b9ceee44819da0f14f0a291913418e18a336b9d,30,UNKNOWN,UNKNOWN
935,e08a752635e8f739245207b0ff17cd8dc800f4367925198e9b55b5dc167ecc65d9ec1cb572beaeb984653e8e2c796b6eee633978bb9b458ef093c8fb33e092ee,30,UNKNOWN,UNKNOWN
936,958fc043658499e88a0a10ccb2f906ff1685c5dfafffcaedbc54777b454da929cbf48ae1bc78f661a4fec82f2d4ddb5cafb8076ca492e30dac5712855262573d,30,OTHER,OTHER
937,c8f4d1eca84fa76f2672f66e071fae18aade747449a60e82cf1d3193b1fa6842779b153450b0501bbc43d1f0a03ecce27bc4c6e17a44cedd25f10d400ec2dfe7,30,NO CONTROLS,NO CONTROLS
938,468c4482c716231c5e61f4b1e64e6a0960bb84630ffdd79165853572afafe7d0e305496787885dbd48b193243ba3a86d7e1c038ceac4d4da1e0bd7939a1b85fc,30,STOP SIGN/FLASHER,NO CONTROLS
939,379cb660ce19f91b9a942b12c9a38c2ba21a46bd2144e13830700ba19b6dfd376036f9a69a4d75ec70e8e1202b0cd5944c541a533a3f5bbd6bdd787f7817aad1,30,STOP SIGN/FLASHER,FUNCTIONING PROPERLY
940,b158a3231e36aba54a1cec2c84e2eca324750e3e69382da6ada9fb94c160f322d3232cb284e7e4a33917590588ae2638ea56ffa386e338eff09903fcac486c7d,25,NO CONTROLS,NO CONTROLS
941,d0746e12dd52373a0bc598f2b2770d3d934ab9b14b9b29b5c7eaa4df89b9361d5ce010bbc50cf91cd5dc5bc9865293ac0a670e68ecc1ba1769c800f24e7e3724,30,NO CONTROLS,NO CONTROLS
942,8f9e75fc7e9087c89e840edc95aa89e1a9efa1c979ec88ef1832bb5bd79cbc04daf0f8fa775077ea1851525239210f35d899f5c4c19cc2f152b2d3bbffc902cd,25,NO CONTROLS,NO CONTROLS
943,1c44c28cb6c36ea45ce7ec5f020dcb96b4b95fa607d3f8354d0263fe5077d2b28c78b9536e1aa5d074c8d35dd4ddfa60d2419de2ad9e9d4fcce00cad80bb930c,20,NO CONTROLS,NO CONTROLS
944,da7edecbd5966ac0b17c4ccc66ec5a57dafd10990c07a02d484a15cb2a7e070bcacc56083a117ad2d326d086be147e1c1018310c6a26b7a60da9e47b5da661e5,30,NO CONTROLS,NO CONTROLS
945,23213ed46371f87055998f5c46cb31a9393974a004453061497935a0370e09d376576c87dbfe1a185b5f8ab7304fa2eecbcd856193ae6061d79942e95451a3d6,20,NO CONTROLS,NO CONTROLS
946,9306223ce7ce0ad6bf0ddadca85b3ad2650acfff39a70724aded7aca8b8675fea5e35bd9da682eaf99a04081e76283c28c77095de8c6758eda674dcee0f43a0d,30,NO CONTROLS,NO CONTROLS
947,a438e8329e0404e08359b540f95f554864ead3d5386b7144f820a7bd40215371a08b469dcd5b2e41772b10a6190c3b97e426e75f771e78d831c405cfdc86738c,30,TRAFFIC SIGNAL,FUNCTIONING PROPERLY
948,5f4afeffd44c45f537f7763b1be1d712a5504dc33daaaea6d7b411de9f37a96186160682b3dd9db01d392b299a95de8f019d9d21a582bba7a856373fe3ed1303,30,UNKNOWN,UNKNOWN
949,4719481fb18ead3aeda8147e3aaee3291cb7e7f7c437d56a648b098868450a36e4e8968be57420665da81bc6db1f1fea654aa4abf003edd0732738aa03c056e4,25,NO CONTROLS,NO CONTROLS
950,d091bcd14d5c9916fef1faae28c47ad451af2071254f6538e74a791ab4b004b0d03851fe02f7e29a4b29cf4654e610f1980f73a17f3b25c33df239e04cebe427,15,NO CONTROLS,NO CONTROLS
951,f6e991e00b28581e96d7176a6d5f2b9b62186d79607e1062ea700b41b102a069e6d684eba83d3b5aad4a16f7f05009266fe26970436f38f82f5c1f2526a54b31,30,TRAFFIC SIGNAL,FUNCTIONING PROPERLY
952,74157fcce1abc2e815453676f2ff3632a8fd28b42a7353f4435eb263bcd703e05256d404a64e2f5d7a3e6c504d663b65527e7f09a51a47ec8414b3f59475254e,30,UNKNOWN,UNKNOWN
953,d373d1027d70c2dc523dac6c6fbc0e3b37976100629f51d672c82e71d86a9396435abaf89dcdc5a89ddb4799d9bd5055117e37951b3d4a1882e351b1c33b99a3,20,TRAFFIC SIGNAL,FUNCTIONING IMPROPERLY
954,d62d5400564a34782adf031154f2064a8e833eb7e45aa59145d487019c95688db0d3edec62d2437628e6499e5e7389241f9bb74c966dd3dcc01c9bbbcbdfff4d,30,TRAFFIC SIGNAL,FUNCTIONING PROPERLY
955,ecb42f4b4a2f1ff2ea14d1234276bd3e19eae96541ef03ee65b0f348d952266a8be27239c818c39190171cb649e67318499199b92e8346b8503598e88309497d,30,NO CONTROLS,NO CONTROLS
956,77fa78aaaacc3690cd34955f2e0f7157ff1506eff3797756956758acf12e38cf8d46ec1b69ebbeff3325d7c933f4e624a9d8076022f21e129abada1dee3376ba,30,NO CONTROLS,NO CONTROLS
957,b6c0b58c3082b762779002c1695baab18d6e94d98293e6f6f8d930004b4f35cb8bac8a2e7f68228597ed1b44ad45ab181ec6fb180865bd0f57e673c2a005813a,30,TRAFFIC SIGNAL,FUNCTIONING PROPERLY
958,8a0c437073174a436ab55143b4073ef0db58c1fc4b7e4a81a180799382f159d86605105e8a93b623d0c60bbe871ef9b692c7eb179996c82b6abdfbce1c32ce27,25,NO CONTROLS,NO CONTROLS
959,f06d5eb5465bf47f98744c6738a5419de30f2ab9e394d3b4f60690a122a3dde041c4ebc0f2aa402b9e881b7eb78696fbebc23f479491bf89b6fd406b75188128,30,TRAFFIC SIGNAL,FUNCTIONING PROPERLY
960,5350554ea0dbe672df5734c66c07274e1bcd0a3996facbea934b12f8a9d89b5549363e79b63b27ff74e19ab73efd606d55aec4515196120fa04aeb5ab6728e77,30,TRAFFIC SIGNAL,UNKNOWN
961,0c6f9b6a3d1ff81fd31f3e02b7ff56ce746814c026f72cf6fd6ed81f5c98fe9a125b639e8d2f765a70311533c03c04b58bd4e332f0681a922efb6465db106ce7,30,TRAFFIC SIGNAL,FUNCTIONING PROPERLY
962,d4b071e2813c3ba88cfb7ffc56979550dc18ecaea78c6dee648ea7f3cae3c14d2d7d769a717a6d5f54ab3ac9943016cc275c9bec4665c28817471647386103df,30,UNKNOWN,UNKNOWN
963,9fa5189b7f8096d55d381d0a8150cb81de9dae8b41577ad911e3d2ab9f2c011b210616d0803143b06748adfb2504e03ba86ffc04015527c79b3f98806e48b6e1,30,UNKNOWN,UNKNOWN
964,41b6f8f1c4c1f2ac500c175dd7d0b7506b2cc28846605c6298cf0d3aff7e0e53af31ce61f11f8c6886fe4bd71e105349179d8070b7ef2ad9a69df99642c9b144,35,NO CONTROLS,NO CONTROLS
965,7cdd391ab18fec665e476da509af3426a9cc49d3bafe3384bfd3a9f01b2f2aa22d5a0d8f0fc2945033e793bff6447cd2e5a9ead35da154963ff1f4a217455919,30,UNKNOWN,UNKNOWN
966,a5dfa4914fd9516264a843314492ed88bb805aa9c60315a9e12d8e3bc5f04088dd09529f72f3628552fce349415868f145b1098600fb7b33298de400b3d3ebe9,30,OTHER,OTHER
967,19f3f98b07528357db262ac57d0a2af4bd910f86d32ea47e462a91df4a481ff23936e31b3319cd33678af97700796edf0eb8f4e40f21877ece419f9d02326a23,30,OTHER REG. SIGN,FUNCTIONING PROPERLY
968,e2e005eb669359d95793450c74531a6ac0ba0a7df53cad0bc668dc294d1a3cd5f48a92698bd53e68a44971b31048a0192d6dd4a8b96879a2deddaa94dfe172ae,30,TRAFFIC SIGNAL,FUNCTIONING PROPERLY
969,25418bc506e3f7c342511168d18eafbd9a3d03358b5fab42f6392fc324a37b2f03ede368910eb0bff25c46a67744f03443959ab7aa13c7c287f3cc2fe52fe9af,30,TRAFFIC SIGNAL,FUNCTIONING PROPERLY
970,65a174dbe2112af5c187aca0b492624f74e542995a22aff4dc51040c32e55a81ec95372f9613dcc1b9f32011132064996a41855776c0764dfc0554c151917d8a,30,NO CONTROLS,NO CONTROLS
971,575a395c6f5007d291b64eea8b819c625614db334767c68cea25c3f4d0fcccb6be411ca36bfa2304e95b5074eff3e21ec93eab4d2b970cf61c913e239abf4b2a,30,NO CONTROLS,NO CONTROLS
972,5d9fe9c14531845c52c3b9033b48b5e11d0f05fdc5fb465676aa7403d8e61566c7b9dde4b392fd3f3214625734cc61364a32afa0bb547cadff4fdbaf4048251e,30,NO CONTROLS,NO CONTROLS
973,cbe7785c40ca882c13b7aa3b79bbd54629d10e579a9df9cf1c55c7d7dc3681b6a3f3184269b0e1ba186f101fd040f4fd2d3d7876c01dcbc3cc592b825558f25b,25,TRAFFIC SIGNAL,FUNCTIONING PROPERLY
974,2071c498eac96737c9302469ec8e5c9c53d092740c21c7365c46c13b3bf12e630424a5545b6cdee96350a0e9a984bf50bee8d71a2c7a16de8b272aa97f7872df,30,STOP SIGN/FLASHER,FUNCTIONING PROPERLY
975,4c1fdfbd63d0e9435b8858370ef456b7c35cd8011dd187dd7ebbb2b494e4bf333b222abfc01638141e676f745a5147ade65b9e19d792d61bc2796a4814fc4f63,30,STOP SIGN/FLASHER,FUNCTIONING PROPERLY
976,171d57bf393c140cad6ae4ec4f3172bf9ab8d60bfb546aa1f77c548dfc0cfb4593242a82f287cf660d43f230e96e7a462d163ce7cc007b8842181e19ffc42f9d,30,NO CONTROLS,NO CONTROLS
977,721a19d6036c15abfb645987214d39c4fee5b18573a14b473cd8da2b09952824db794febc46b41a39610d77f43acc9cebb1d3531c74516cc9b8c3732a1f79be8,35,TRAFFIC SIGNAL,FUNCTIONING PROPERLY
978,3e14ee4ba4a3c9ce1af631130eeeec84b8667e544d0886214595450f28ab46cd0d578210443db3898d8178c567e9241cfe165cce5fab7dcfb35937ee43830bb4,25,NO CONTROLS,NO CONTROLS
979,4bd12f84a7ef76eabce016f6677321b2f2e8d608a4d5afe21c71ff9891d8934b967def639bdc107ec10476d39d733d368aa91e11ecc705f2a60720653edadbce,30,NO CONTROLS,NO CONTROLS
980,f466e3519f87921e4f8cc49b978ad74cef7b0051a0b36291ed67af45654a61107f9fcc8774592e7c04f482ad3979e29922932e53136d67602fbcf16aab339411,30,NO CONTROLS,NO CONTROLS
981,9413ac4dcf674ca10cc45ab3a1c8f6330fc0a054b4e5c8b09c6cfbc667ce1401f49dcdd82b20de093c65e0e7c4dc42c40cfb838318359a4e84f4eed569b3f180,15,NO CONTROLS,NO CONTROLS
982,1f6df1f9fbc873b00a1a2794d467de6304efca1d79cda0e05190777fc8e13f310bbe63cef3563ee8dd545bbe05847e68470bbb2cd9d47b7aa1d6f79332594d2f,30,TRAFFIC SIGNAL,FUNCTIONING PROPERLY
983,4aef909f61fe41da99bff9ad9ba8ec415458ce885174c5ce3138c1e933f3cc8f4c139aa142555b223ecbd787205566d42a87367c9935ea0fdf0f5d9f72325bdb,30,TRAFFIC SIGNAL,FUNCTIONING PROPERLY
984,da0646a03be23c9dd622805d60f05b2b31c8b884a86f651e353222d5d0a1fd803a5689381e7da6afef55f70a02314e3636c7ecb95b733c7746ce66ed35a5e8ec,30,NO CONTROLS,NO CONTROLS
985,c25accf30196e0a57fa87466d1fb5eddc1c0a4122a9854e672f8404a80f82c913d1b4aa150baf911798e924b23dbc2d94d53ac80ab5ad55db0b89ae76ebf5ec6,30,NO CONTROLS,NO CONTROLS
986,22e641f502910b7919d6826b859ee65d1ac8f98b352a8c8df0b614f6afb2cce49f57c6711875d56aea84fa9178ca9a278a4f0bac449217059ea142b318d95a1a,30,STOP SIGN/FLASHER,FUNCTIONING PROPERLY
987,34b0357e1ed5f7be093ab0e52608f21eb7f1816001a0784b6e786dbcd77d24e1d6410881949120cd223d0d083000dedf94b4a7ae7e4172761a2273b60cd28c36,30,STOP SIGN/FLASHER,FUNCTIONING PROPERLY
988,0de00f08026ce0c3c638b0394ecdb10ca42143f6280d0cfc869942b21c61dad4a57919d614a43b1de6e05e76f2da4233a101370cb2522f9b4ac04b7f3e93ae63,30,NO CONTROLS,NO CONTROLS
989,65c01da9d4fb5760508cbf93faf3a79ebc84f25e8b97abe281f8b8a9470a829221eacd326c1487b9ad015d5bf9ed65e994993b94c4d840bcb057c097151ed9eb,30,UNKNOWN,UNKNOWN
990,d2f13c93e80a1c8be648722dab375aedd70c9a3df2163a93b0cd191c07df3130d2a42ec623aa1341dd7f9c9d6627048655c2f74c9a361bb46e7f094e94d8f3f3,30,NO CONTROLS,NO CONTROLS
991,d5117371053e454557bc54a6f56d2fabb501600c2ec4ec8836d1c5a827b8d377bfc12b96f3d9041f530c3f075f5bc5f918f7e989c85a5a0582fe03643640a022,30,NO CONTROLS,NO CONTROLS
992,295041e28dd4db71523c138d38c8505c3e3493ef5108b6c0d7231f96668658973d5594047ac604f85360458c76c052ce8940af1594f3c5626680b955264b566e,30,NO CONTROLS,NO CONTROLS
993,3c3379d83e9c0a83dfe44718f6cddc309cdbb1f77327ec442b5c9fbc0bff8c976d04d1503576c9535b4e46aaab24587c1bb0be1c2acfe7e074754bae98b5e397,30,UNKNOWN,UNKNOWN
994,d9da9bb4b9d71f5d6e89ee704a75d402bbdca78b0075eaed33ce6188c677003b60402b8b25d65581b1016fae10236189b770d0efae51299a7ff6221baee7a3fb,30,NO CONTROLS,NO CONTROLS
995,8215f994ccca69b1ee1e5c7524ef4fd3e483cb027b4cad95d04b39caece53dde61e6b616200f3e968c1be1249dbca32ebdb0e4433354ba3ab7a6d8fdae5597c5,30,NO CONTROLS,NO CONTROLS
996,4cd394c8d7d64e0eeb64a6555cdcd02298b6f52c96da9b2bc5d09831ccc2af2b66f3ec3516f2eb3b55c76c6e3fa490e600ea1538d26e2ebb713b15f85f0f2a7d,30,TRAFFIC SIGNAL,UNKNOWN
997,dade209f86e919cab003df462dd029842bf5afee8bf515dde573b57b16c3fc6c0b69cc0a370c4d0c68bab4d6b1a6ee9e3ea43e66eb80637866a22f5538bb01a9,30,TRAFFIC SIGNAL,FUNCTIONING PROPERLY
998,c08319d0dd6fc4d6728e7161a9b21498e1e1a2a8995ef796fedaed65a6d0de985878fb0d78ed3e17d36754d5d5cfe39479afe0000911973a8171481d29a1648e,30,STOP SIGN/FLASHER,UNKNOWN
999,4506696a5022fc9bc903ea93d6d0f7af4119d9068d29f8328951ecdcf4d37a73e079912b08a8c7dc536a330927e7c1cdf716e489448b1bd301191c24e934f86e,30,STOP SIGN/FLASHER,FUNCTIONING PROPERLY
1000,a2676d41ddb03c6088ae14c9cc37cad1869d791c95af26432ed42e454e157d4b66750930dc1f2736c89b133b0813851e370e2c318581710a387f3587ca8e47a0,30,TRAFFIC SIGNAL,FUNCTIONING PROPERLY
1001,8647f394bf51fc13534eba0944519e56e4f47f52d69893764d2383be63be925b5f0b49c41e87373937fc7f5050643ebcaee656d3b772748c5dc72e6bc88e8eb6,20,NO CONTROLS,NO CONTROLS
1002,ccea10cc21b12debf1b33c71e3a0bb60de0377270961a7a4df0214bd273df0618f9a4167056c3c317a53012c1b7d8ae8120e16b3354bd160ff0fdebfd20bb5a3,30,TRAFFIC SIGNAL,FUNCTIONING PROPERLY
1003,e552f73672f98fe7aca9dc137b52163de1b29e7c13afc327df3014f63209151baaaadb889d68cf5ca0cce8c14dbcb379443ebc1fb46bc8354edd108179e3d74c,35,TRAFFIC SIGNAL,FUNCTIONING PROPERLY
1004,00852bc9fc529a46cbb60e518be03d933081d1c23b4d25392604e540595e50a26cc063fa4b24d5c0d39235ba3c7e0ee18334519f8f6f2d826ed5cc1e0cfc7f78,30,NO CONTROLS,NO CONTROLS
1005,c632ab6974cc424692d73a07045cb44cee38f0b9dac5415c2c3652aa654f4efa4f489ce79748d3544cf6665694024b948d24aacfc3bc570abc19a30c562b5266,30,UNKNOWN,UNKNOWN
1006,ca686793892bf27313ee2b19989a401d97c25e0989278d25b28a7fbfdba7fc87dfe386f1afc87f9fc2aaddf3ff705b771d1734d425c78e4e6519aa358798b41f,30,TRAFFIC SIGNAL,FUNCTIONING PROPERLY
1007,b1a561d64855f08a3a9c7451060c3c4e9a4371baf24997e549f789a58162e909cd87a4d03875196cc29bbd83661501ed5f79a5f2042867993b9d1d3e6d8f0fe0,30,TRAFFIC SIGNAL,FUNCTIONING PROPERLY
1008,c73e4d44b7c47cdb2c998cca87b4b2f0bbb516278311331ca689de73c4497a27d28544a5d152c717b918c9d7acfc8c0abb869fef41053c064673a125136ad455,30,NO CONTROLS,NO CONTROLS
1009,0b70aebc48447f3d9aff5dbbc715eaec8f9f00e184822a1cbc0e9d2cee7e10bd83ce2c8128c403e115beb77ca28ff1bc7b264f5753aa986994a65bae784e728e,30,NO CONTROLS,NO CONTROLS
1010,d5de49d768632f8cd0e36a3ab4398d1b649b052756151b5706270624a4dc23ebcad54fc105e90d721cd4abed5b06bbe7f6131fa2f58c75e217652f1170f224c8,30,STOP SIGN/FLASHER,FUNCTIONING PROPERLY
1011,42c38b3316771c3b85665ae62041b4ed3ed96c1e9f49982108f7850dc3946a4e99f00bf7f2792ae3a14ad0dae9a9be4a8c630a4f660d9f6a5ec73da158f996f0,30,TRAFFIC SIGNAL,FUNCTIONING PROPERLY
1012,7d9b80fb821fcdf19fd72913ed3aa65ffabbfd4c034de2afce9a231c8c77339cc63f4fac3814381184781575eedc2fb0e37c8efacb1a0a19756a587f5f1f9db5,30,NO CONTROLS,NO CONTROLS
1013,57d86ad99a222e799ea881f99d3aaacba2d5c30903fc153dffccd64c4da662e6698f49ed362b337d98c2babb389039fb7aa01d9f1685e72ead8fd1b9125e26cc,30,OTHER,FUNCTIONING PROPERLY
1014,16f4970ff81f4dc654fac6c9da4ebaa588d73058f735d83404bdbb21171458c2052c002477706262153bc0792cea1355470ffbc87e60bba0fb30b77d3d8d5549,30,NO CONTROLS,NO CONTROLS
1015,cf440e09b8a745653e539ebae8a63265a16e17d42451d9be983c27439464a414acdf9ed254ea314851f628fef0edccfa1a108bcfde151a7bb8dc6bd634698ff3,35,TRAFFIC SIGNAL,FUNCTIONING PROPERLY
1016,49692597209613832cfb87e2e8cd15876c4284e2164b1cea7f4938ef00c0fdf36b75aaf5bd46834876f0340bed95ad7fb12a7b3c9e8910bcc76c27cdc3fae476,10,NO CONTROLS,NO CONTROLS
1017,c1b3b0cc8418032f87282892539ff2b779889261f5099b6d1ea61966644479c7865ea81c1c7403ee4b590352652e56da16ed892cc13770b0a7787eb13279f18b,30,NO CONTROLS,NO CONTROLS
1018,ac0905b7827849757a3c4bc04d98d0444d8a07bd5953c9bd0309ee6be7a1ed5b9d7f6d6be9a4636c6de1fd7451d111354ef4e04dd208f58f3067227f6e505c9c,35,TRAFFIC SIGNAL,NOT FUNCTIONING
1019,4879115b4da2b233faa46ae935a5dc046b7f612a9617a442bf30ddf2e34b7c6be2c002487f5590285a833e1f8133538fc01434fb546354739a3fa40e63752544,30,TRAFFIC SIGNAL,FUNCTIONING PROPERLY
1020,678e702863ce8945fc9bb26418483b707a50e9909b358d51ed633ca35470f63760e2773eb21e4b9f9330f7e5d2f7fb16f4facb3a961bc12d822eba89cbc9831a,30,NO CONTROLS,NO CONTROLS
1021,2502568f84a48cefcb1c77c973771c1e33bb125f025c6db74a681587eaefd2ea64213e260013db28346ba7a42bd311baaf60b84b00e16351c903a7a1fbcd4506,30,NO CONTROLS,NO CONTROLS
1022,825201d9f9d16517aa4280206313a6dcf054bacd487316cfefe32f0099959ff5e85182dacdc048f83dd5abd055f82249b7e9ae55677c96a85c7b1d4035112ea4,30,TRAFFIC SIGNAL,FUNCTIONING PROPERLY
1023,735b95e4743870400865c7289bfb608e0292eead4b0be6ac30b15ee8e1a3c9799de9803c9657ecfb7e7ca82193191e8194e723372cfee6960c81a401dee9d6be,30,NO CONTROLS,NO CONTROLS
1024,af7ad10c7fd5ee43b42398c4b82358745820a5ed135018854704cd241d1a82a9cb665673e664e174fe714abeb1260db9ff1b77d34e007c272303ccfa688cd9d1,15,NO CONTROLS,NO CONTROLS
1025,b4f7050f3d016c96ed4de96cd3eb004c3eb7a504f04a82f1df5d1f725f42bdda472b6265a748c7d58392602fd33dba446d2582988125aa6c4a9ed6df0d6a3204,30,TRAFFIC SIGNAL,FUNCTIONING PROPERLY
1026,3020bb224133054237398f2568f9af82318fdda085a7e7ec8030d2691b16d4d9a64a6fc1360be283ed265a304ef6ef16acd52a086ec727f99a171ef6010ffbd6,30,TRAFFIC SIGNAL,FUNCTIONING PROPERLY
1027,e72a204bcbcb17b13c5c88e6bdabed276997c7db911e55dc543feb07848675af8793ddc272d6d6b3618450b8421249ed03e35e7b1a874518b38f26cd4ca6429d,15,UNKNOWN,UNKNOWN
1028,f35a1f888b049e654935dd2f1224633d6d0046d953b0dd090fad9514f0e647470c108306ffff52cd95de2b9b3ec462dd2d5176da383abc9080dd6f1b8f6565e0,30,NO CONTROLS,NO CONTROLS
1029,a0c0801594ba83aa0dc3c0b14da1c0a936e2f67bb98543c8604b1ed2c62c4bed8f3dc8a34ee36d61edcda138a24b370e902e0c2e994da2dee9eb65b6abccf28f,30,NO CONTROLS,NO CONTROLS
1030,ff38db388587f26009d93b0478d0aabca3e014819983c89ab79186ed1e751516b187f23cc198a21f27faaa85ef74758a064547a763a42f01b0d0a02e0b74728f,35,TRAFFIC SIGNAL,FUNCTIONING PROPERLY
1031,951d4891522b1b611f845b6b3ceab00ea9d2ce2f0cb18cd4cd3b294780219d44ebc6214e3ea5e553261cbbaf42ab96d058f5b24b7a02fe4ec21e367c5fd853df,40,NO CONTROLS,NO CONTROLS
1032,ad15090c63a710a52b82cae5acfc5a1888284a46eafe235fa90b3b3a139f88695999cfb2b5ebe0f00e05cc8dfac9de2f6100c5ad721be7609a5c732039d1aa9e,35,NO CONTROLS,NO CONTROLS
1033,413be2872a04daa0085c290825a849e6f78e9e0ce40bd56c68622e07dd3f4e40dd7b2e2b27efefbe13c649457b2caa949ca8607bd6b36b128a4e5e5c9063e71d,35,NO CONTROLS,NO CONTROLS
1034,7eefaf82c12c09da07a1478bc0111721a3888f9d3f7502e12b86fa7fae5214610ebe13503e6f069dc192686868b45e497ff4a5d030bda11d2116155f357ae001,35,TRAFFIC SIGNAL,FUNCTIONING PROPERLY
1035,610426ad2efeae2d592ad4e746ddfae526a85a12f9ffb60ac69ac609e688fa82994db3c4c849d0e3b5be31da326b492311dab5953d1bb93eda797e8f5aba2434,30,TRAFFIC SIGNAL,FUNCTIONING PROPERLY
1036,17d36f99312fdc68adcf30e907d3933c5a291b713cef293a0cf1e75e8829c220ac36648acd44af5b1c52eee009c0ee1e483104ed17ae338351aa17f5fe4be00d,30,STOP SIGN/FLASHER,FUNCTIONING PROPERLY
1037,83f8aedde2345aadf8c009e2232b90fab38e2b5e7215ce9c5053995b9ef1d9b8045878864df10d0ff80c5b282bf392e6c3c4ac44f3e2a73f1b343684c6a66ad9,30,NO CONTROLS,NO CONTROLS
1038,829ed07b55d5e48a7b8f440a980ff7821544c2c9fc8a9cdca87eba57fa8e3d5ed6e812a8832aaed907e4575e4f469a63e400680f39d14669faebd9fc9742dfab,30,NO CONTROLS,NO CONTROLS
1039,5e88392ec47c759699fce309e61c6febb2dcd6050b34fc0d65e55f98b24780217a96f78865ba7e350ed3784e6dba6a120435652fa4e288cb24ef58e1adb4668f,30,STOP SIGN/FLASHER,NO CONTROLS
1040,35a2f5837a67bef588f04c3e696eead338c0207d5fac4339abe27186ac052d0bd645bf0db1cafbdf644f29603e4e2597a1d3789e739fb09b53631c12b6ca22c4,30,STOP SIGN/FLASHER,FUNCTIONING PROPERLY
1041,1f8bda6a0106f1b2aae7d87ce478184d7e567d3ee943bcdfc6a32e14cd288b438e7b9fc6d7e90993242c4b52221fce0e6fafe20dd84c87ac3d935a04417133c4,30,NO CONTROLS,NO CONTROLS
1042,7354092064383b07ba34967bfd2b66aad3a5c273b8fccbcd458c88ba5c87f284efcc841dcf7bbd895371dab4b25b5d10e49284be8eaf7149f36ecd18a30dfc21,30,NO CONTROLS,NO CONTROLS
1043,9b8c70973b6080eb779a8074f435f33daf0a2f707cbc533b228041045e8acc05622aa1169e32c1470aaa87022f887ddb536348936c2ea6fff792972abc897601,30,NO CONTROLS,UNKNOWN
1044,aedb3bc3e72cf2012e511fda4e7c72d0d9c20dc63851f18b83d4a6e36a440c45f2a7ee1f99ad7074e377c583c000ec9590fcab858544afc8fb7a214efe6c199c,25,NO CONTROLS,NO CONTROLS
1045,7f7ef25d030e4fda79e021c5223da6e00321b017a8d4daeb6fb0c67657ce5dc06159b104497b4f6bb83cb72aaa7be3fc6826fd21a6e2372cce93af4596ce2c82,30,STOP SIGN/FLASHER,FUNCTIONING PROPERLY
1046,655177d2b7fc60700ec577f31422dfb5f8d0d6cb91b45d7a4d69aa4182c4dc2448e2a0eb4e9d6e44467f41624476ce021e3b1d72eae732bb6b6cf5a87d3ae616,15,UNKNOWN,UNKNOWN
1047,351b0a08a7a97360f4bbeabf3e91810ac51f868dd54b0b5dfb7447003445742914b2bcb01f8e72484047402157d307abef632373f0aaa5752d0653061cb72bd6,30,UNKNOWN,UNKNOWN
1048,d3bf5600abcc584cd1bd058e51f8dfe163149d12c6360dc0d6ef050f57418cb83a75743fc7a9269febd6aa987928d0df359c3d6524389aa8d50b5b4e6d6611e3,30,TRAFFIC SIGNAL,NO CONTROLS
1049,7b9d9e2a11b5de8357650745854610ec88e4680bafa92e5805de5355ea0cbc359f081040202aa182a250334abdcfe4d3a34613124cc294e38be22a4683963890,30,NO CONTROLS,NO CONTROLS
1050,7b86d8da2afef70307dce765d3a7ad2cfcb941dc7ed44cc653f7d9908703e007f4b09deb665b4ff7625f503cf89eb5066095d3e00e7908177c2bd4f66d801f70,30,TRAFFIC SIGNAL,UNKNOWN
1051,280e6fd6dd694eb88a402a2b748daee3c866b5b7396b73332a354b519ad8324d66abbb4b42d1a10af4f9ded95f8bc2aa6fe016c0b3ad6e692faad3fa9ec645b8,35,TRAFFIC SIGNAL,FUNCTIONING PROPERLY
1052,3807c5292b9584156507c1ddaf1b3c3969df2df4747a1501f935f8347f70beea81f3a0e22c901556cfeb1b64085a298b947774cdd350b3b6a0d06bcd19d82830,25,NO CONTROLS,NO CONTROLS
1053,27c0efeed3052a970f286930c65d6748243299fb304c0f0ca59a7df9af2b3474bf0ba65106443834296355e1250984a65feb2624b8e8fd9b75b5cbe02be8c2cb,30,TRAFFIC SIGNAL,FUNCTIONING PROPERLY
1054,a96403780d14d8ebe07fb0b370a9882bb8c14822656008de4de93a12ab4758c362f6e79f67e67f971376f6605b811b0302edda7b60ac44c28afe6d7975486b35,30,NO CONTROLS,NO CONTROLS
1055,a83533dbe8eeecd9e10a51d28dab093e4d668edda5fd3724679be52fc2e6c7b0d9b26a848b384f216fb9a2e031f7bbeb7c90e02387c8ca1958af0573d078acb9,30,TRAFFIC SIGNAL,FUNCTIONING PROPERLY
1056,ff9872071048a755d22deebc3cb34dbb47c5053d11a94112f7fc789274f7b7c934d6f0abc1c3cae7eccc4bec75d646df3881f8d6c668c61dea68d080558bdfaa,45,NO CONTROLS,NO CONTROLS
1057,989cec9be91b6bcf7454caddea73d6d12544d902664c4ad217a225577df97f12b16db165b91b398cc1492f9a7a6942714ab669aa0b802abf556adb7db3b5db7a,30,NO CONTROLS,NO CONTROLS
1058,c18d3a9079bac05959f01140bd1941232d0c23627640a009fe2f9b6773f31557bc6284e7be83a51aaa49578e5954f96dce508f42477512eb5d400f0eceb88cd3,30,TRAFFIC SIGNAL,FUNCTIONING PROPERLY
1059,39d4c7946d329aebd963c07e9882bbe8fd8c264f1320bae02e5a65995b12dcc4cf7f1b9ed5a7719fef896cfcee03d8bb8910135df2e566d87f1287f24b51db06,30,NO CONTROLS,NO CONTROLS
1060,3f3e3c4f802609c844f7597977c70fe566913564627fb23eb826673848307f5922516e5234d7b0fc65a9f57d4a5cf245e61d7bd9312ec7f14997988c0fe567b9,30,TRAFFIC SIGNAL,FUNCTIONING PROPERLY
1061,b2571b65de5e95cf4371b7bf103582515e8b6e0a474b453bd5906fac1e65cb0856ae74db28dd6d447825ca41db32300a606e720e50813acbfa6ceec752a8c824,30,TRAFFIC SIGNAL,FUNCTIONING PROPERLY
1062,03a27ea59c98e9062dc65a42712a4efaa1601d987703c9a366c2d906be5a63750103a87723666e80232ee952ca7b368754d2b9e0773a1c59ce375b48be826ad5,35,NO CONTROLS,NO CONTROLS
1063,2c3d42bae97d6b05b072acb33d7c1cf54dae84d75b2ffabb4c68d4488d46658eddd95f5748f117a6fb9ccf70e2846fa555f32a18a80a367b884084b665fc043f,20,NO CONTROLS,NO CONTROLS
1064,db7be4063b7e40535f68407d36cdaf2ed24f709764da74bae73be71373abc54298c8b190b6e794331a4b0c1f0b286b5dad6086a05e17ccc660957b67aba69f0d,30,NO CONTROLS,NO CONTROLS
1065,28809a1cbd1a1581d34212dacc34376cb796d0dccc73ff84055f62294c9ca3a17add8b9436f466b68107e1291d03879bf7fb2d9a26c7cbdf265924077f4d2952,30,NO CONTROLS,NO CONTROLS
1066,a931fac363e353186bc947e3fb405f2523b4d6a84502f538cbd68e8acfb1ec9f02ef29b72c330b7047f8de3ae25bcb84b7fbd56d70e097dcd5e3ca0cae61fe35,30,NO CONTROLS,NO CONTROLS
1067,ab9a79bcbb30eb6ce4409f9110b875677cbeca7c2165a684974a4f40e7412d693ffe7988695828d19c2cf31b20fdf7303e65d768b5026dbc21eeaab960cfa549,40,NO CONTROLS,NO CONTROLS
1068,e89a198fe7e3a6b47a56ef1789e7d5e714f113695cbcb257432f471fad4f9290ac9e662bc1972a807bfda8a9f676fd2f8e6ed7a4d68d58187d81669286e0eaf7,35,NO CONTROLS,NO CONTROLS
1069,cf0a454de870ab693df0662dfdc041f64744228ea019248b588d6840904e0b8de579a06a2a9b50c2f82d4d71f68b6e529c707c9836ba36fbedabc941a09980f3,30,TRAFFIC SIGNAL,FUNCTIONING PROPERLY
1070,7dda81da2be23befc9bfec5093a045389de5f1cbf2928c091b56e77a99b2057e0a07c7500db00f0ec7ba23bbee1cf9d4de81a5f32429c729df68acedae47efbd,25,NO CONTROLS,NO CONTROLS
1071,a33ba2efed9d40d900b0aff685a25e9aef7f3de03a3efc2e7e50973488b06a59e6f72744bd289bbc54633aa30b24a2644a0bd9239c6c1b72042caa7ec75c957e,30,STOP SIGN/FLASHER,FUNCTIONING PROPERLY
1072,665532a55349efe79a837e0cc97af3322e36a8409d2163798136ab703c6c0128ef07d14032963f25ff09cbf0a0ea26c075c920059b48b494c8b406250d2574e4,30,NO CONTROLS,NO CONTROLS
1073,14916ab2a290ae8ab22dd28e7c7c702bbdbb6d1c2cbe1a466d809cb8e172df140ab71bb30eed66cb0980432f21795d2a6edc6ba0d8ab6c9ba8ff8e4e381e5902,40,NO CONTROLS,NO CONTROLS
1074,6344b9ff168793533ae99527aee04fdff6cf4a937f189b1f636d2ed06aa5beddc3594def32bd7ce68641c640d6194e1242458790445782e52d76bd77e1491ef9,30,NO CONTROLS,NO CONTROLS
1075,9f5091af91201c4e1f7ea6a6c30f680242b69501c52ddbf650c320f1a4572557262214ad8869ec622529755c0d50b1ab52a59f06bd55d8aa0808f50efa0e3415,30,NO CONTROLS,NO CONTROLS
1076,2e000151109915c4e7aca4e04c98f352a110ba944524ea4ac12bebb1a36df565fd2ca796506ded01912240f610fd7da42e1ce51880ae62ec111841a14b655bf2,30,NO CONTROLS,NO CONTROLS
1077,ac186db9730d8cb6f5e0895f1a5d2ff876c66cdf8bdf84063942e68e88b7918662b6a4a0b803cbdfdd73d8cf91b113a0c864d5ad271c014d7ff7f7958889bf68,30,STOP SIGN/FLASHER,FUNCTIONING PROPERLY
1078,fe45fda361f77afca2861cf47074703abe3ba62b0fa74a9937329cfe9aaa3fdbb202511a72dd1bcfe8728b763ffd6a7ea6c3981e44ed513ea56cfff39acea9a9,30,NO CONTROLS,NO CONTROLS
1079,382848a8350c10e2df0e7ba3083358ebce54ba1454f0062c25a014beb12f2e894e5f98034fd06d928f3ea5279d2618461986ad68913da0852f8dde6faf60d51d,40,NO CONTROLS,NO CONTROLS
1080,285b5fcdb70f2a5e9c6232a8912b50a34c441e0fec37416d2ccded56c37c3d27a06a0a655b49769833dd271a3cab0bf4b166b10e34d1cafac1b5c80840735152,15,NO CONTROLS,NO CONTROLS
1081,bf7ff5173b26b51019bfe7bf66f381ebb407c6eaad2ef80c7690aea61b8b0c95ea2601bbc0f8dc16744d9d3faa0c1df577afbc931cac269260cfcdc8ea74fec2,30,NO CONTROLS,NO CONTROLS
1082,05d547d2a398130b503ef902861130f8b5edb23c6a28a03e9267ffb137d86d5ce6d8d40e3ac6b04c4ea4eeb16c7b904494faf1558e4336fd85b7f49b295a8a93,10,NO CONTROLS,NO CONTROLS
1083,e3b6fe00f7ead63c01683fa9a6c54d4551bd5583278e2a83fe48a68014a917a9637cc10489840720a898a2c765280fe709eee7d66b328751b6f63c8a5d4c8da5,30,NO CONTROLS,NO CONTROLS
1084,d018cc4d39de1b41963a22f6967dd82022359cc2f1b1d966529a14e8f271f68b0615bc8620905e406fe360c1490fd46631d3f19ef2ee249774c71cf3d8d81271,30,TRAFFIC SIGNAL,UNKNOWN
1085,31a54cd0f3bed0d14b49dc39aab8dec85d166780f1399a247958ea366387c3c1469ad0648317da4f4affff6a69bf36e130611926d667353f49edfebe768f48d2,30,STOP SIGN/FLASHER,FUNCTIONING PROPERLY
1086,b27fce9753175863728e1b8dd57e6c99cee1f408f7e2699620afe2b903c4ffd99efb0ad7b82ddb5631eda999881f522dcf667a30d70d097b4dd273a2b6f58ea2,30,NO CONTROLS,NO CONTROLS
1087,24705451e5dde4f94cffa1cb3a65ecafe447570b449c6ac6c3f0ca9decc4dfde54aeccff616865ef0ca47b4f0df989c6a6941612990e4b3d5fb5b0c1befaf8fa,30,TRAFFIC SIGNAL,FUNCTIONING PROPERLY
1088,4d6b3ced48d2996693128fd597ba2dc9cf73159da4de8c55bb4403a31e6ca59a7081e187092f8d85f84c3335671c9a8932cbecd0d176ab9fda404058ef16a523,10,NO CONTROLS,NO CONTROLS
1089,15f5e6f6530b1a9a61077096d2171bce24a52f430aead95255ec0a4ba51651dd4e2a6c8197ffaa60f4aad7a6b49770f06bc508325c2480dd0081d48bc29b561a,30,NO CONTROLS,NO CONTROLS
1090,271f6e0546bbefa8e9e1cd37de17aa7e148b081c753ef27de04274aa530fff4c0df608486a1991060680ab891abd9aec3deb4624b731f28409c4635cb91829fb,15,NO CONTROLS,NO CONTROLS
1091,4eb2a271566f8f2882b32c25a439d53a025e39201ebd477d984f1753bce0a7f2ce100b21d68eafa05f473fb15d9ed0e288fb27e06fb2ca9c03108e60c4b91145,30,TRAFFIC SIGNAL,NO CONTROLS
1092,9fc953f05d63ec6f89b65c2d52b131576ef2bb2e92a9b95f528ec4ee5ee332d9681f9a5656e40e7918f8a0f90eecf8292882a884be2fc3b9883d28f2622b933a,45,TRAFFIC SIGNAL,FUNCTIONING PROPERLY
1093,1f331a7a943184d8c3103aa3f47664bb76788e4a8ec7580712484a57e8965cf7f253d78a2d9dbd2496af7d3a70db88a6498e82fd92cd0ac0496c2adbb782d00a,30,NO CONTROLS,NO CONTROLS
1094,5bec6527a2ce300f95ae53e0ffbad01517e0dbdaba32d1c712d27bd1355c81356714a82f0845642921ed1c43a40faacf78d1868c92799bc333a239ede4b480e4,40,NO CONTROLS,NO CONTROLS
1095,77a83d746e2b364257b61aa746dce716d18b33971507348c854fca8a4e23bdb6a525213ccc606a8c925ea2a50e2fbe073fac2de371f637b9ee9649b9c283fd3f,30,NO CONTROLS,NO CONTROLS
1096,2c535bd8db3645b9f847dbc2bb15676dbe5a694aacdb26d8f474ebb8563a5754b033077c851be4b38294ed5040bc098346e864d59c756da1f03ee198d2787b61,30,NO CONTROLS,NO CONTROLS
1097,1ba7ab0cd17f08b4f10df88e2cf7a7d3417998f2697247b8cc3d6d24eb813f760acc14b96a4359d58d119e289caa78388fb5e52330b26721ac1340099495f513,30,NO CONTROLS,NO CONTROLS
1098,92929a483a6f8cda35bb5b9af1cb454d1657854f17e9b4941a512bd133ffc8ac458e09118973bb06f6f5cf9c1247961db6fa2d94b8ec57c7caf74e59330c2f37,30,TRAFFIC SIGNAL,FUNCTIONING PROPERLY
1099,f528959b5b5ae55b22ff0a26d4657f8a81c597327eb4f2910f3c0bb75e78de6b5fb49dd625056fcbf201fb2c449fba019fa3bdec7933b141d0513bf3d491a8fc,5,NO CONTROLS,NO CONTROLS
1100,cc2de0fb2f2c1d543bb15505b6025305bc2deae60dd5179cb4a8de6563892540e8ee4c4ff9886ade3c155bfe638a5c84557450f494e541e1cb3ded553d1b3c13,30,NO CONTROLS,NO CONTROLS
1101,7ae75e70cba670c0387614972eb3d97ea64c93a9399f9168db933fab7a25fe4b3ef47306b353dfcd78f4f4da0360d3675e86df0d1bd7eddcb517d710ae9efc2c,30,OTHER,UNKNOWN
1102,2372e9b0854de32dc75463065ea44b712ce62904ed831545b1a2e29d9b36ebc6a1461faff587dc0e9c67ed3f99f2988ff6c15ea292444f614125af52abbdc367,15,NO CONTROLS,NO CONTROLS
1103,c93a05a53d058ee8560775e8be98ba697e0add4e09ad2d10b79304b4ce9a7719d1da93b0dd6bb9ca8fb1b8677bd342c3eb95aaa5761da55b569f1d3f55736ce5,30,NO CONTROLS,NO CONTROLS
1104,b30867f419761ae640b65a71353b3f4f7e7e57421eef697160bbfaec5f78956743491f0b24c08f014f9659b9cf0a033b2b146deeb3120a371244c8b8b3a302cf,15,NO CONTROLS,NO CONTROLS
1105,e6d8bfed430400d84d8110787b44983c1b6db19e316c420dc77d9ff0943809b86c1df4a4505120d46f8b56ac112b08ee284dceac241b49032d13d7545476daf0,30,TRAFFIC SIGNAL,FUNCTIONING PROPERLY
1106,1c0d775c1ea43f2e2e4bb9ad0c50d92058ba1d72d8a9b922f1fa3655e1cce55dc27959ead4b2b6822ed1cbb1df3e2223613311107293755bba016001268a4237,15,NO CONTROLS,NO CONTROLS
1107,aa844b79d263dc6753a035d3300d02e54624afce44cb9f89aa63ab8d3432fc65e90abe27a5389afde3bd1d09dbf0f2a660ad246214c69437c744f16626a2184c,30,UNKNOWN,UNKNOWN
1108,6e5a16d3b1fcd6e3c4e9798d36d55c7026d4689499d616a3e6395e2aae0742b61a0de55009d407a4995d8369915ba8f956fc3e7d35ce107a31e0d50de889808b,35,OTHER REG. SIGN,FUNCTIONING PROPERLY
1109,48e9da3cdece7121cd2ec022a764348af3d68cd64195a31c906cea3a2535c1d177f841ac8f17891909a8fb4c76787259c8b55cef1fef2ea155294d79540d2bda,30,NO CONTROLS,NO CONTROLS
1110,ba22f19a5fbc5cf6bbdf690cac5d3ecc1736d31fe62afd361914d4d818e35c6e95776202b4e2fd09ec350bf83452daa209a6f9ade5c8839e87d925a064cd6a81,30,NO CONTROLS,NO CONTROLS
1111,5d4f64474806664a7a5667fd50e7bc4969b4a1ab9f6ebf7cea5b45243bf6458ad43d7dba4bf9d036ec2e979f25b3eb886609b103bce7912c2af5c39b037876e6,30,NO CONTROLS,FUNCTIONING PROPERLY
1112,2cff92755c33b3a2862225adc669b5c6926fe663536903ebcf2b1d058afb82aa04a892f9486620af5a004c9a3844239e5326fbac7aa4f972827d0d4187fbd641,30,TRAFFIC SIGNAL,FUNCTIONING PROPERLY
1113,c459eb2fa458b0ce711d900d4b2a5b242b5064c1a9875f47fa68011d9dd1292b2cc47fef2c139803c7d80a96d2705332c93d8a932fed060f230126dede86bf75,40,TRAFFIC SIGNAL,FUNCTIONING PROPERLY
1114,8ad9fa4c8df052f87939f7331ece8cdd3c6cf42c2b8d29f34ef8a494a86a6593539bbc82bea254b7b225c94f81093117016ee31220dd5c18e0c7d97c9f0baf6c,30,STOP SIGN/FLASHER,FUNCTIONING PROPERLY
1115,d5fbe27146e43877308e5c3434fd693a9f9b3f1e2ec2d6205783d52220c5ba745ee77ccd63e850985dde3d0d885608a7e4c8a2905ec9bc7349a4d25863fd6dec,30,NO CONTROLS,NO CONTROLS
1116,c62f16e4feafe9ce5d6e8617d3b411127374557a5be09a3f8dcc6388ef7ba36f6b4f678fe8cfc60d854587a39f18dcb420314a79337045b9cd2d751aaf8a9297,30,NO CONTROLS,NO CONTROLS
1117,111cdc0abd0cbe79c3b6c33d46bc8ac08b8ebf08a5f7feac0398c3727652924d58dcbc7d41a682ba6929b4d1b295ba96dcf8fd2298b23ca2b435bc9d7b42ede8,30,NO CONTROLS,NO CONTROLS
1118,dd66531b39708be1f54522ddd705e5178397fad3c56e4af7279e434544afaa82b5f9eee92b1ae679a9dee36cb0cabdf5aafb3b92035d2c57e653eecd66e4b295,35,STOP SIGN/FLASHER,FUNCTIONING PROPERLY
1119,c59dd413005df74beb05fe3ef0096743be7a8e548d47e528f0ad06d16778574ba5b6cee0e31e5083c0e9059cf8b3b113c106cdd35285434d9c7849f04ee6936b,30,TRAFFIC SIGNAL,FUNCTIONING PROPERLY
1120,8c8c337c4762ce4531d5117fcaa8e6fc4b35c56013f59d97e53155056df6cbfdbff07cc53ec54b6732596a611e61984c799ec65e2bc09c23010a22f2d3be2dfc,30,NO CONTROLS,NO CONTROLS
1121,2170035607188a3f8d91aa407058a14eecd805af84b48492e4a503b85f83bf5368d1c2ded223f01ee7da351520f5ec650da3822ef86f2720c46d5d089fdcbee4,30,NO CONTROLS,NO CONTROLS
1122,c917737a812f63cd2e07e269f5e096e491395995ffe3d70d76c9f8d9d13a8de5949c66a116944be06f37574a7bb18ab06e776a0fcc10aa05d5e0f28e4277caae,30,TRAFFIC SIGNAL,FUNCTIONING PROPERLY
1123,b8ee7149472c3e1c680634e2f30a879a4db16dc719c2fe2a255d9deca4b8c3ed57410ed182f590d7d354d083280c1d7ff1efe2629f21de425cefed318f49f998,30,TRAFFIC SIGNAL,FUNCTIONING PROPERLY
1124,2f3cd3e1a57d623b2973655177d065abd7e8ee705b33ce068b1eb5361b546f6cac260eec42a895894ef840e94e47575e062b949c2c148ed03a62d7979ee9f396,10,NO CONTROLS,NO CONTROLS
1125,2bb52eec19577d1285a8710234d42a3837779414ec4e5ff79624696f8cf9e7305516721c04b4abad17a0ca2c0cf07cca14fd913fc83ab52daaffba5ccf74baae,20,TRAFFIC SIGNAL,FUNCTIONING PROPERLY
1126,aeab52515467c6e4958dcab1862e55f01b7ab6f6a789c4c3f76c91f7647731304f46c32ae247d194b64effa3fe2b1488052eb1c4cc60da9a39af097882e2c330,30,NO CONTROLS,NO CONTROLS
1127,ed031f746e4597a7493a6fe83705e04ceb6bb455fd598bc1d3efa3dbcb3f6c5ac13aa0c97271354e9ef2eb9a11253490a83294bb5172e6ac05f950c2eac5c10b,55,TRAFFIC SIGNAL,UNKNOWN
1128,4140ad0c01de554d9e2978afb544739e9b379df8a4cf1ce7c81da24354818409731213a6f93d17896f30b6c6e9abedee2cba43f8555eb566244305a6112e6ebb,30,TRAFFIC SIGNAL,FUNCTIONING PROPERLY
1129,be5e2467a713e286dadfdc63c4d07da4c6f95a66aaa0cacec65b4f158fbeee652a77fe5fbb2015cf887946568066a008153dad5ff84e722aab90c32699efb1b2,35,TRAFFIC SIGNAL,FUNCTIONING PROPERLY
1130,d23bdc012d2f1b526ff0652ec6d8471aabbafa177bde9febfc38a5533fbeedd3bae183d14d41d62e040c04ecdc679313a6fca39191c859a83bd0f64553f577b7,30,UNKNOWN,UNKNOWN
1131,76cb5de332bceafbcc009c6a707a9b66fa3f9b5ab1c9606102b54344ad8897fdd50cdd60e20565072cd57f84b8970c0771f74b6ba3483cf91dc5c9e5742076f7,30,TRAFFIC SIGNAL,FUNCTIONING PROPERLY
1132,7c737cd3390270138ff6b27023e6dd5592fd75c4d960fbc075570e76330bbba75b5f4ca4a6b48e3fe6f6960bf74b6c766a5334c6705e93149e9c2c83526bd50d,30,NO CONTROLS,NO CONTROLS
1133,3810b326b607b1948ebaaddd336cd28fee852712bf5deb6f6aa60eb5dc062a2efe19e26954a4cd2b188ecd3d8358bb544d355813fac62d378f0fbb25f47f44df,30,NO CONTROLS,NO CONTROLS
1134,69a568143f591641d1acfcd271d5c2d1dec25c8e67b2cff30a7dfdd99a9009b24b9beacea344e2a3263897f15a7e857c9cc4fbb8ae62bf0c09146b1cb4edf6c9,30,TRAFFIC SIGNAL,FUNCTIONING PROPERLY
1135,2884b6c2b0b39375efb08da4ade523d5fbeea985fc5be52aff15b9da0d68bc0c52b0fd32d023799234cb9de2ed41279cfd89a60a50ecbf3afa36e63ae170879a,30,TRAFFIC SIGNAL,FUNCTIONING PROPERLY
1136,69a46ce79951f3f04cdae0369a87457f6852ec466c4b017099a0f7ad68d509153048976c6ad03844dbed838197839f585a48519be184b38a59a278b054d29240,30,NO CONTROLS,NO CONTROLS
1137,103a56515d4ad827880ef82020e1b6bf038db558c49fcd62022627d3750df1dbee62391761b8513798be12e57c30d5bda026d0e9aa8662866f3b771fb75f731e,30,NO CONTROLS,NO CONTROLS
1138,c6aba8215d94325c8ecc165686ded0623b84682a0d42ea86ec914291d4eb75f1b425badab99ac77ce536affade271d775af8c81f1a9bc76cfaad464690f8eee5,30,TRAFFIC SIGNAL,FUNCTIONING PROPERLY
1139,153e12b9d6f14b8b8a85199faf2258da1b8ea6ac2a42977ab8d276f6f3cef46dda5cd7a0a5ad74325709c1b22c46d44737a1c66a72d1e161abd0c97b62331c7f,45,NO CONTROLS,NO CONTROLS
1140,2fd2dc58146395886e8f186eceed6faa3f45cf4240b65b299c61492508cc8e40a7ac2de850fb777b122538b3fcf050539d5aca7ba290b7677a6dd3f5a8150438,30,NO CONTROLS,NO CONTROLS
1141,7549eb50bac8e5894ff0ab66f999f27347e63759ea01557e4e0fa3ea60e4fc8bcebf0b0e63184013e3395a96da504d0a690a3e497d5111b5a7ca9d6316f00333,25,NO CONTROLS,NO CONTROLS
1142,f7632cacf1543ee8b0d4aca806294b3b93bdf1286cfb5614727f0f0c45855327515420bae4d6c7dbc53704e41f771c18ccbe96587781f5103c8387113067f394,30,TRAFFIC SIGNAL,FUNCTIONING PROPERLY
1143,47200cb263cbf4ec87790c90c09776f8df43a6efd8a08bf42a83bc3e084e9d4729e38fcb66ab5c410272dbb107dc253d97cf83a7bac39921ec4df0e1714ef28a,25,TRAFFIC SIGNAL,FUNCTIONING PROPERLY
1144,1fc7b2787aa051c57872854316361f4c455823352dfb451f3db6bcd4efd95e1458722e57c3244546a83bb361f5eed3bc72ba7852f4ed576635c6f6c3d9ba8a10,30,TRAFFIC SIGNAL,FUNCTIONING PROPERLY
1145,409cd9ffc334b2926e3a9890e003413094a3015ac5e95923673dad510fe7b6a4239981efcf57835d5fac011a39222204d740b1a83cea750d38780dfc077b50ef,30,TRAFFIC SIGNAL,UNKNOWN
1146,2da588e69b0444dae34d42a7825c0a3e43b92b65b2caa299e85101d43456f4272490bbd5acedd134a7a0bfffe658b0c58af259e87278aa06e0bac705c3273c00,10,NO CONTROLS,NO CONTROLS
1147,771549fd96bd405fdf31339cc1d0fc7eb41791d3e989361c42e241aa721e80386432927d9a625d03f2bb20a9d93f09075f8b63c5b408f91523a3fd1a2ef79a47,30,UNKNOWN,UNKNOWN
1148,1334ba967e675148be147a1cb92fef8fc7bdb2c22ef41945fd4bad4a0a92523fdbd0b59891f2c080437dc3d57b7aa337ce03ac931bbc22e6d2ea5ed73dfa89e9,20,NO CONTROLS,NO CONTROLS
1149,83e5126ff00055d41f009f99bcfced171f6a0281554136392e5d8e3d812a72d7620d5aeaf51c1767f467ec14b56ef41cb53ad0d96a03e3deae52283ea6662bc6,30,NO CONTROLS,NO CONTROLS
1150,d6b28e34ebb376d25f3154bec53b234adabc50dca3a97abfc8ff5bfdc149103d15cea824d9edfe8a7d30b54d0b7d717bcb558b7f0b37fd3ef3e931ce88bc0936,25,NO CONTROLS,NO CONTROLS
1151,ba2246ee87a51a7dd30a168de03f3e69648900c7a2f686437ffd69ef23d0ac8430daebdd290bfe27c95a187bb9e88978c309693a6e8662bca6de3b07117bde2d,35,NO CONTROLS,NO CONTROLS
1152,4679b8cb08cbc6dc4c652cde304bc3e4e93a9542fb302ea7d8e1e2bd0746329c7f937adcc3f0af570123d04cdbd36e9c76252c878ad0130298c5e6ca688457dc,30,NO CONTROLS,NO CONTROLS
1153,6deeaa5fce4c33873062cdfa41fd0d3c998bbd78541a4488aa11ad3dd767447bffac388af3dbd37736b47c08b0a835804c631b92eff21ed60675f197be4a13a4,30,UNKNOWN,UNKNOWN
1154,fa30d1706be08b72e6ca615addcf1df6ef99307705cac004c65341f70361aafecffffcb6d09255fca8418171cf3952572f423cfefb35a50f732b8650b619dd35,20,NO CONTROLS,NO CONTROLS
1155,37cc2e1f71f49fd1e1caca5fd48fada6c7ed7f242db39a46dc259d309c91c44fbec797ee7ecf39add3f473c4cc79d776360da52892dbd99755961a469d5cb036,30,TRAFFIC SIGNAL,FUNCTIONING PROPERLY
1156,66c3401476e2b2f26855f8e5b956dc51f60a931b465313d182c60273b7e061eadf900320669fa5f74fb49ad569e9687cccd58b20255229e76ba7d58d76d67b8e,30,NO CONTROLS,NO CONTROLS
1157,8f4681ded655bd38b01c772b207accc051d2514cc749bd9a092db7d095c8331ff7c8e47132dc1b4c4fdf6e0f45e4e81f0a36b5aa425e2e1e8f9be36456d784e6,20,STOP SIGN/FLASHER,FUNCTIONING PROPERLY
1158,b0134d4b59ef9d75f3a3060ef4ac60a24e2b7ea8efc38178293db138ad8096dafd676c7dbcae3e377ca3f939b1f1e2b0561db6eab0e274d705c9e6095c38bf6b,30,UNKNOWN,FUNCTIONING PROPERLY
1159,511d3604bc3f71c54a2b6a988442a5219144afd82dc5bbab9b3490ef4e358ca8e21e52f021f0238ca5f667076273ae61023da2f6cb87fa8146c654f433da2e5b,30,NO CONTROLS,NO CONTROLS
1160,ba21ade7c3801f2efa00781f6c17a02bc4c6ced470010a0c91ebf9fb72269806b46e2ea112eb0a79f775751db931f56e5e6b1a74b191476f62ae21573ddcad49,25,NO CONTROLS,NO CONTROLS
1161,30d032a1c9240e59e23950ac338181df1c42032818c1238f2828caf2cd1d326a0c5626d63435cf242d5bec02449a86ae37012b6fd206a44fea27cfd67c9688ea,30,TRAFFIC SIGNAL,FUNCTIONING PROPERLY
1162,b28378f4cd14613bfd88a703f3c7677bce2862c1db56cdff388048e23150816759e24155f0fe4c964740b24ed911ab2d36f6f53bb64b069ce5ac25e54cdbc129,30,NO CONTROLS,NO CONTROLS
1163,8b92eaf99adafd2adf373d1c6476f9a5960f401e43fa2c3fadb325d76c051036056b5882d44b4e4bad05b727fb151066b851d4b5540c1a95fe544f9ce3613356,30,TRAFFIC SIGNAL,FUNCTIONING PROPERLY
1164,ca46f65b9e0f3c0b990002db19880270e5e458569eefb533a23433bf2506c2236205748a878657650fb9e1c643e56c399c9424e0782529f611ea7d0e8b66c110,30,STOP SIGN/FLASHER,FUNCTIONING PROPERLY
1165,f3000e2f6136731641ebb9c0971f49c639aa26e5620234d62ea79e78dacdc443dc0a27178d8bc21786c924b40b96b563b8eacbef17f853a7fb7242897efb35dd,15,STOP SIGN/FLASHER,FUNCTIONING PROPERLY
1166,309dc2b93f9c4ad9863cd27f5d3c49b36280459d85ba4052d8bea298395cc0ebfeb91ee96fd76f5ccad1dd359b81a9f39f01abd2dc8ce36758eed6f7cdf8b939,30,UNKNOWN,UNKNOWN
1167,8611f843a7342664e192ca20c2110a5b77978b7dc53081bf0b406c11cd3bfda3ecdb07679a343dcebd30f023a3d72413e5801b36acd7155fd12eb359adb1ce91,25,TRAFFIC SIGNAL,FUNCTIONING PROPERLY
1168,85fb041945e1fff29cad962154b9abf0d5b5b428fac9c1d9e1661a3793396aff7e376109eb73ed965c95c07b813e8156fc4707dbd363d369d6017d5718bd7cf0,30,NO CONTROLS,NO CONTROLS
1169,5317dc9266b6c14030013d2a60e3249afe2bd1cd2530f005332d1ba6f9c416ca8540da3bf747f355bedaf588cef91e931c42e72569b080c21cc91fd2419d42ed,30,TRAFFIC SIGNAL,FUNCTIONING PROPERLY
1170,c35ebb4d341efc4d2efdfe0f7f4811cf8233da0d8b27db663695772c16db2dc12bcabdbbe576285d271feec95ef3615ac5cb7db810c83be26ad6eac6a89f9933,30,TRAFFIC SIGNAL,UNKNOWN
1171,10e5cffd76b9a2b3ccb9a63ffb121bfc3ecf141206cd561810eb22500c4a38613be7a787ab7cd5dd4ad136022ff806c5b0763ffc582afaa306c1cdefe0ff0186,20,NO CONTROLS,NO CONTROLS
1172,7f85f6fc48cdccc2c9466a9602dc3b61f8f4a211477e2e4434dc790f6977d70ba9877e84cbe293c998ca5bddb3724a099f2998e8b2aa99882598939bacf9c677,35,NO CONTROLS,NO CONTROLS
1173,6a372b03a003939c7d8303cdecc031d08e8e37fa202f93a8b5292d98e181e95b388dc791ba01eec1feade45f6691e70a0fafa87b5dcb767e0abc6e8710c781a0,30,NO CONTROLS,NO CONTROLS
1174,97fc2013d9e5a7f88f28aaaf2968ffa5f16db6db920e1e1f0db8c1990ab80a640928c7a28b6e696ec835bf221215985168c70823baf7440dbc41cbbb9eb22eb6,30,NO CONTROLS,NO CONTROLS
1175,bc035835c49a93db02ca08cc3a677271b91f5b78fe097283409b9b858340b9e10eff28915ed70d514925d4dccf1dd7bf066b914e69f4d1ccaabf034f90b93604,35,NO CONTROLS,NO CONTROLS
1176,26aaac6e998208eb83a519943500fda81f13d5ea8b47126adb242b6eb8553f2f1bd862875a5744dcc6d131c53d967e7494bbb9752cd6b07948906b8f436cf65f,35,NO CONTROLS,NO CONTROLS
1177,a9e0d8e417d2a32238ccb54c3c4af52d6e8ce9db500443385b00300decb53095fe9af9d0096154d3cec82ef8be58b9ec637de2ec7c7f355c88705ffc521c0af9,30,NO CONTROLS,NO CONTROLS
1178,944e2f3b8866d06718e667a8c041badea1b5554ca3b05f357eddeaab500d30af5e30ca18de873631e08ac6e42cd1ee3dc386e3dc2e498cb315fd41af3a8dc518,20,NO CONTROLS,UNKNOWN
1179,ae5d711b00675563d9714ebd6d5847fa39a1fc6f41ea11cb124f7c274971f40799558a0c0f2c7feb31635c131214758fb7577ef1b23c2639fb30387da8defb8d,30,TRAFFIC SIGNAL,FUNCTIONING PROPERLY
1180,9e9617196677729aa6ca37e64e69a29f583e5627a57b31354b01da071033c2fd933408f49153f2f749e0078cc9cec2d39d91d86525f35e449489912d2447315a,30,STOP SIGN/FLASHER,FUNCTIONING PROPERLY
1181,dd21845134e9c44f7b0184443d97a28ef41ece57d90d0ba87ca1eea313df765da53335eacd69e508f119bf275de42c7e1ec197a2026790ef4615a84725074169,30,TRAFFIC SIGNAL,FUNCTIONING PROPERLY
1182,45cff8eae710b49de34dff3d19aec0bba94c7a858b6865c26c367e08fba677a3eb76a6052972a4649e64e5a8ca6b7c9df048127c9682b394894b7053335fed61,30,UNKNOWN,UNKNOWN
1183,4f98cbdc0a999506d875d6b638236d00c82e8ef4ca5de095974b990ef102cfc887598c761f21d31ae0eae93317441a9dd976392c39675c58213862bb041b17f3,30,NO CONTROLS,NO CONTROLS
1184,8a0fbde3291d5872cc9f03a78c707e7192496879af9bf80df38e78e6a30fd82a59cccae7c33c4ec438b8b3e91807e17ba1b8a09b08a1922d24f705278a1d790e,30,NO CONTROLS,NO CONTROLS
1185,1765c3282157b60a4a046c0ada6ec2f06c68ca7fea0ad5076539773257e9b9b0383d2428e2738c0ae45ac7cb8fe928ce9cb3c3e93b621a7d684bb37a271064f2,30,TRAFFIC SIGNAL,UNKNOWN
1186,38893c0952b644ff4b3df292b72ec1b1741dd54df7287fde87d2f97ee52600fe11c833198d734ae4807bcb1188f5270b8a3a8204955730db7cd242bea400eaaa,30,STOP SIGN/FLASHER,NO CONTROLS
1187,64b4a167c62894cdb1e37925849f9346f1beb33ff3b3ac90b84a190008e09f018dfb0485c5d2504513b2cfeeecfb9ab8d2a52fe2569a7d866b213fcf5e1212ff,30,NO CONTROLS,NO CONTROLS
1188,afe80f0341f12bb3b59ee0d5848832cf43d740324c5f7187dfe56509c31fe5f497b4e086865e79ad2b34007f96cba435b0e70538bd9a738c74ca492450b888e4,30,NO CONTROLS,NO CONTROLS
1189,2d156a7ee550e2a51cce61a8f43342affeab388288e43e8d903b356292e56cc3d1fdd994cf5046d8692f60fb8934d18670c8e08c2099edf2bd0725f275b90a8c,25,STOP SIGN/FLASHER,FUNCTIONING PROPERLY
1190,7f0180b11a98e8f1a8dcf46ba6a437f2ef9b0db6eb328f135ac110046472e9243a9097ca4fce4b3ec4eef8435cbc34f7a01462088a100bd6d678bcd5fd317097,30,TRAFFIC SIGNAL,FUNCTIONING PROPERLY
1191,e29eb0b77a61a2a4fe5f82dc9dcdf5bda04ca08691c4ba8fe5c4d14f6a80e34911599ea4516cdf8dc211a376ae98db73fbe8b65c69181f399e02694ba6accadb,30,TRAFFIC SIGNAL,FUNCTIONING PROPERLY
1192,029a98d72ee36b80979021da187217363fd5d1bcdc01520db1d6b1eaf9f0d79238562a0bf3c63df0a64aeaa9b3ade618dd648f5918d025204fb9e8ebb6e5e3b3,30,NO CONTROLS,NO CONTROLS
1193,94eb2105fbc706da1f4418955284a0bbff0f785f641fd89d8b1ca0a7abf195c6f04b71e460033c06ddb4808faa3ffb1d008f17576708c414ca93b063c0290348,30,NO CONTROLS,NO CONTROLS
1194,b76aef61c1ecd98026d974de452b92ef7fd4cabf4abfe3c2b648641f24c802722a2a3d9ac6af58e3a477438a053e7540345ccdbe41833c861969cafc72bb6078,35,NO CONTROLS,NO CONTROLS
1195,8224930bcbaef9db9368cb619542f4babb5e4f1e2767b9d889baab00dd8e7bf3b4d56b67198c0a82407bbb06725101aa91be7605db54d29b9ed30e4b43a34418,30,STOP SIGN/FLASHER,NO CONTROLS
1196,c446b626dab3d6f5465033c35af916dce22d56f45bd9243465d4f1cb6f62499bb710910f4605e079eaf7e24c2eb9ff3241aaeff398d41f8707c0dbe12e400f78,15,NO CONTROLS,NO CONTROLS
1197,12bebde76165f91548973d48455a8e398b70afd17127b52736642062bf71de188c38c46a2732878569248e8ea9b1283d0ed0e20abcde94fd332814c93c7fecb9,30,NO CONTROLS,NO CONTROLS
1198,8854ef5929417895d7d52963c5dc44288f4fb55a0ec34d8f459611efa319bcb36e99483ae500087c4e30f4692f688271516dde803da29a46a1ebff8fa7eab21c,30,TRAFFIC SIGNAL,FUNCTIONING PROPERLY
1199,a8fb151688ddc12aff797b6dc81ecc8a86e0d73c87eb8453b28256eef0c593eae8fb44b4af2ef73a623a559722a76cbe5d23bd8d3df988f47a0a3990144b4582,15,NO CONTROLS,NO CONTROLS
1200,1ce0ae39e4cbb770ab71e1c4267660cf220d3563317de1feeab8c8208b9786e803ca2b84611e3a0576d5cc0bdda7474ed159c1b044c7f1721080ac5a29192279,30,NO CONTROLS,NO CONTROLS
1201,3f1917ac4e65a663a8b9f6eccf46b3ebae196c0dfacfbe047f76dcad4df9d9a2728d83cbf8aef821a06f868516b65c476be3943340c01b7873556627d77f4831,30,NO CONTROLS,NO CONTROLS
1202,e603449ffa172e344b97baf0aa5c878d2dbdc0a925b3726f7c2887b5896d96e8374eb7d4db0877744838dc82e5cb809c2a86a060c634c83f8299a7cf329a79a1,30,NO CONTROLS,NO CONTROLS
1203,5f02b5956927fdc5feaef0043d174090ba1a949b6eed286c5b96ca01cf6aa8b8d40c4a0db3ca0b8cec5bf880c29d17d5626c833dd525ce37b1eb3b5c38865600,30,NO CONTROLS,NO CONTROLS
1204,825cdde8bc7138e6d74bd5aeef95b9d8a5e73b9ddd0c62ef7f3421666e04b479d0ff84b794aa32d460b2cc91212fedf67c34f4c5deeceb7775f51445de8733ca,30,NO CONTROLS,NO CONTROLS
1205,4d450f7d58c5ab57d73c44f6f27216236cee1e76194de9bf1b1b60137485fc11d2d6118ad74f74e6de52a50b824387a5c30571f0ccf68e6d7b64caaa4353c187,30,TRAFFIC SIGNAL,FUNCTIONING PROPERLY
1206,7894b417755f705df6ef16f29c73bd1d5a5904a111717c05f494de5f1b05bf3675de29b77d2f99f3b43d9efa9e8515eb319cdbc6f4271d9985b576061d1c3357,30,TRAFFIC SIGNAL,UNKNOWN
1207,133aabb7d6f51996fb1b50d3346c1212c972f4f834ab859c2f1da55f4b3551f8eeb2507865c3d4caedb4ffaba2453c453d4e22550a3524fa3d6e3eec3d55e676,25,NO CONTROLS,NO CONTROLS
1208,2a091886d9c839196961bac545b7ab02ae6996de660cab6bdcaa7fbf1228cc94d678ac1911bf82c3a89714e3d900012577d5cc256da507cab8a71ab130416a61,30,TRAFFIC SIGNAL,FUNCTIONING PROPERLY
1209,725b66a0b2839251d7537eb07981e214542c9aad3b2d3138e1cddc493059c8b5c929279fef018bc61f00d83e14c86b92ee6943ccc8e0e8651634b8cfaab8cf22,35,STOP SIGN/FLASHER,FUNCTIONING PROPERLY
1210,193be4652dcf37804de3158412a272c571aa7bca00eb21f747b0e1e8ff131aca7a9294eab4ed17cf6c2b35faa9d43a6b5a7c0478c0698ac1d6d1342449e13ade,30,NO CONTROLS,NO CONTROLS
1211,916702e908f71ed041050aec83bd6078f027881937c376180e0737b169315e7aab95a1575c453df86800a2c94678e76069a0fb6281da3dcb154c095fc503dc29,35,NO CONTROLS,NO CONTROLS
1212,0709fd5f8149a4b12107e292fb98717e10d118605545f4a2659fca1c6db4019c024f9e7764ebc77442ff8bfa51c65767b44a3704017f4c83527a6d4d05fc9e89,30,STOP SIGN/FLASHER,FUNCTIONING PROPERLY
1213,3443987792343f41d58befe97da506d28d7e186b9c3781365dfa6da443ab411a7be1aa868f305b3f66851982f4e07fc1085e07b58dce289924bc4c219e9532fa,30,TRAFFIC SIGNAL,FUNCTIONING PROPERLY
1214,13e2ae29ae61cb030de13ae07aa760df661ae6a9f05646fc5b4b6eab1dbe5a6c77414cdd5bf7bd5a68adfef7e9b4ac8b4d0c3ee741052d344a1669279c7355e7,30,NO CONTROLS,NO CONTROLS
1215,0aa5e1ca67f72a116cb4d573ec0582c518e0e3aece480b2b5e07a105ec973fbd4e777c73b59c65037d449314029247de570be941b2b24d6b91776544a460d83f,30,NO CONTROLS,NO CONTROLS
1216,d869faff56e1f26ee8f218323cb2731073c4515d66fdcd28c977c1668840942f2e14e29f74764869a5622141318e98ca742c477a7f7c09678e59d1d3f64c38d5,30,STOP SIGN/FLASHER,FUNCTIONING PROPERLY
1217,5455a2f17358a54eb4a126b86c435ec43b763d1a70812ad89347b9671ec94e1402a53e99fe1af6aa6042204cb1c10daefb0177d7fa1ed904f61b261495383797,20,NO CONTROLS,NO CONTROLS
1218,e168b6d8f99031b117aee5819c848f172c386d43b797fb34cd7492d470b445228ea49f831758fc8b1c7f2a7f1b5962975a3f0f7ebd13b8acbd7cb5693d6f2872,35,TRAFFIC SIGNAL,FUNCTIONING PROPERLY
1219,34d30656a6ade5168fbe36b356e294eaa667563c1b81faeb736a4e720f9a5570977ac6b07c86e10a8270f8713ca1f8944f1530e79dc438ab17b68959c5d0189d,30,UNKNOWN,UNKNOWN
1220,41b4e54ed375ca4cd8277aa01025f2e60435c37e8cdefe4c4fffce452bf666415e929d2791402d18fa8721a79b65041b6427c4d17dc13e7f571101f706b1c339,15,NO CONTROLS,NO CONTROLS
1221,3d2e3795d8c2cdf2b7ee5fb6027b22f3739a75204c48d9e4fcb744626ff09415be233765cb45efc475059400750d3e92bbf9ebd7aa62ba4d4871557bc17771b1,30,STOP SIGN/FLASHER,OTHER
1222,8c8d05e2f1db89c04f71307d74efbf437fb98c61abe5056d2fac8096f8c112ec4325bb781df2f1e3011df332e28dda0e81748bf8497735d88997fba242176d3e,20,NO CONTROLS,NO CONTROLS
1223,5245b8c67e4ab363a3a69459c7f85e6ff6fc7dee6f990da99371261343c95d6a144a22c9af348d86032f4b6904e196cbec2d69b31485fa39706713aba3e7f545,30,NO CONTROLS,NO CONTROLS
1224,282fc202820645d9c8f194c9c8156fd367d6d99486a7c6fb15b01ab0524d14028b126c68203c8f2ad9b3a25134e24d7bf88f9bb38013bcef7afe232c96394484,25,STOP SIGN/FLASHER,FUNCTIONING PROPERLY
1225,bc60b53723499aef445382e3e8975ea343340a042a61801f1940574de486514d314207e839a5120147504cc818ebab0c9d771c93a2b838351cbd93cadaf0abf2,35,NO CONTROLS,NO CONTROLS
1226,00c29c3f18ccec88f44febb23b4a3dbbfaee02fe06715ab80173a1c13a26891791985919dd0a25ef13ba6698f2d9455173ddcdbbca5c059c519c1234bdfeb8c4,30,TRAFFIC SIGNAL,FUNCTIONING PROPERLY
1227,89e3b076285fc6504cf84fc1c36e39ad7956625e2e7b04b7319fe709a82ba8208f5f64666687bbfcf3c69c68db4165471dd68a01af70b4dc7fccaf361f29bb83,30,NO CONTROLS,NO CONTROLS
1228,afb103978d36ed77b6d8851b6ca0bf7144d3e2b7ba0012ab04b982c5746ac14f70e2b39aef86059e0b48d20ee65bde3b1c1518f4fcd416e28c0e3ddf415156cc,25,STOP SIGN/FLASHER,FUNCTIONING PROPERLY
1229,d83d2efe471f9c192d1ebb0b532b86fcaa4d0fcca2d4f5ce5e840ec3bf3ca6137b5ba7302cf26a3c75ff11b982f75c6bbeba0d14d99ad448e94d5cbc06eb2653,25,NO CONTROLS,NO CONTROLS
1230,9e93e10f53b5030df1bea2f2b8e5dc1ac9a2853941f21b37d4636b31ca38ddf4f1e17ad6edf8fa0872d2b00fc9c95dbeea80ad7fd9d99e920c5568b59cb90712,30,NO CONTROLS,NO CONTROLS
1231,e2d992120803d7d38a1e8b473747a49574bbf4ec0a4e0180049cb4c7728e20038c9114c1239fb07b495e6c8f4bc447734791444aac35563ab5f04fc5d88f1cfc,30,NO CONTROLS,NO CONTROLS
1232,7cb08aea52d490c0d90144c0a6b50960fba13598494e2d9048c0da4c96337f1db721094f3bf32d5783b9b8d3d58d9da1f190fdce755cd274227cac58fede69ba,25,STOP SIGN/FLASHER,NO CONTROLS
1233,fec656bd70c3249736cc9c2a7b83c25b7d991cae97ce020e6af16e32a48e48526e975427dacc78ba5267175de2983d1996db8771cd6d72dce1277a9897b6020e,30,NO CONTROLS,NO CONTROLS
1234,bc5816cf0bc4105581668a3cb5a2ce8a3b7504c50bcd68313d4ebe252aa286f39f93960745a078bf2c0a716fa3a1cbb8cf7a78ddfc9834d47cd3f9fed7ca9a99,35,TRAFFIC SIGNAL,FUNCTIONING PROPERLY
1235,4f997d7f8809c02eef08629755596282f0693d55a4d38a79aba4ca07a7ad467cf55dee1087199981ad9f61431832c08696d58181445f452c6a2d9cdf43bf7305,15,NO CONTROLS,NO CONTROLS
1236,4dffe813f6182f39ddb3cf9a91fe6c1bb000f49b80ea60e8ec9055bd56a2c0c1469c0ba49e5c313ff64c9695997026a69916281a42058a676f8d8a2d17563fc4,30,TRAFFIC SIGNAL,FUNCTIONING PROPERLY
1237,091ba01d6894a21ba46b5711f9b881a015bdf4d940ddb87979bfb118c0d2f7d196775671965f0cb5496b7e0df63dd04d507f189bec7d5f8681d9a35fc014287b,30,NO CONTROLS,NO CONTROLS
1238,0585dde36965f901f0fea27f3b870668ea9b956ae8db67cb37b024185c3a5931a7c1492a6bff56d95f12c9a211b642b93835c7e006eb048bc4533b210dd10328,55,TRAFFIC SIGNAL,FUNCTIONING PROPERLY
1239,b979acf003d849af71e8c2179e764540b646c58d52ad54a30c94adf315394510d1d0d0f3de9acd663e49f5903a3d4bd90a026704f2447d9a173a01b24207efb5,30,NO CONTROLS,NO CONTROLS
1240,305818dc8a3188e48947e2bfcccf59f9bc34bf50158555e01040dd9cf14c9251a4c75b8f7c984a82c7bbc25e55770ab3ebb00bfac0ac6dcc9fa51f1861009102,25,UNKNOWN,UNKNOWN
1241,4a923011c3af55e1c862b35f93e76b05c91174457f909de2c47f67d803be484bdf2befc8f2baebbb7163abf92882e2b01ef8df2e7b1205c6316a303ecac1f0f7,30,TRAFFIC SIGNAL,FUNCTIONING PROPERLY
1242,03365f9b9712967d258291c3ad332514ffdceeda90f4d926235478e706ddf893385a8b9059696f38572a760f8b51f457c55ceb4b9cace9c408e631aa115dde39,30,NO CONTROLS,NO CONTROLS
1243,2262d038140c0dd0069889d9c21949070424a7d60a178ff3f39bb3c2f8a0589d2d177e53ae2f693b23ca81153c173edb3bbaa75774136b926d1e034931945389,30,NO CONTROLS,NO CONTROLS
1244,83859259129a11fb714048efcf595561c419b14a6b59d0ef848e0914e4e5458af6c098591b49e8c06358c3b93242b5e9cf9756125e37522d6b8d35354097e990,30,NO CONTROLS,NO CONTROLS
1245,a7aad593b6ded46c906109c325190b60015f898b2667da73963a56c788b20b2134349fa1f2365b2a60e6e33108c096c4999dbb8f74a09956901a656f53c63d0a,30,NO CONTROLS,NO CONTROLS
1246,ffa23d4d9960030034bcb82e1ff23e77039fdde8d8975848c9bc093af7102bc6bc593183879a7ddf6f6c040021b71fbac7a100dfce3588dca9450aaf1f798845,25,NO CONTROLS,NO CONTROLS
1247,cebc54d912d1646992d3cbbda5f2fd6f9ebc5cc356033f0a8a6b41fb46e1d6033b0f84d0edfbc4681b38a56ef97451990dd2d96d36f981438e404d5d34179f5a,30,NO CONTROLS,NO CONTROLS
1248,5ffd95a611121a3e81e1a6355d03ae038e062820362e1fd6c01f53b4c3fdc5695b6c808000f41a71ecd338272ab00bf3baa9649bf220562127329aee509e8543,30,NO CONTROLS,NO CONTROLS
1249,7d6de99b7b401b66c6f6f157aaeb90f1122c91d03c301c009e9e0e81c39879d11ceac7a965f355f9ff4b79e7fbcefdf7d8e1c7de03f166efab7254e0d3768f21,30,NO CONTROLS,NO CONTROLS
1250,46e1223cb32dd7ac4eb19b808040e2342ef87f9c36f0f0bf337e58335fe3121c541f8f48c156d674bf5a751bc3a733f80b22e073d4376d75022d5e5b831ead6a,30,NO CONTROLS,NO CONTROLS
1251,f8409602e2b2c1781ddcdf8263976022a12000dd4a5c416cd240eff04e8304bd032ff8dd923716787266c322e496a1d36a42f1747e6c1506b035140ef47e0da4,30,NO CONTROLS,NO CONTROLS
1252,94852c40e4c173a008f9126b6ebeaeceac67271b5f1e5ad6a565aae1033bab2bc4d61159310c8ff4dcd5f494a7cfac2230cca4659079ed518c39ce94641fb5c4,30,TRAFFIC SIGNAL,FUNCTIONING PROPERLY
1253,4abfe4e3cf20c646f26696f5c45adbd0b59aa0752a9676c128cd19574eb678eba1c93f90641ffcd2a1559cc60e79ac07c72e5acb6bd96c1bc2cf37e929c03d91,35,NO CONTROLS,NO CONTROLS
1254,242e0f2403fea48194babeaa9aa488253bc6a3ce616f052ac729912269b8f9d9988df5a9ae1c599308cb0301328b4ac616da7ccf77106444280807c8bd44980b,30,TRAFFIC SIGNAL,FUNCTIONING PROPERLY
1255,5184107b98e39e98fad4851f47967b3390dccf3ef7f245d209a3cfe8faee9f97bb584fc1aeb7c7adecb90e94268f075b356f7b1f8bddd395a1eed433f0f782ae,30,NO CONTROLS,NO CONTROLS
1256,7ec2efdc4687c97545cb47d27afbb98ccba602d9bc4dfa3839f4117f5558349a06f37775fe15f52e18cb942eef58864e5b0d25d9987e7cfd1bfad6b857303eaf,30,TRAFFIC SIGNAL,FUNCTIONING PROPERLY
1257,4bbde41d0263489c321a7ff54c460ad20e33857bc231a1594651ec0e251a940bd2cc00c4885b77553b33505ad7453c5076872fb7913abf04035808ec051b1fc6,30,NO CONTROLS,NO CONTROLS
1258,a6ef065621180d6cd42a167a09fc25394e9312376e3c90a4b3e124ab9fa0387b0c45ca184ad2271d492ee143bda391c30e7a2bb116ca2ca927147191c4aeeeff,30,NO CONTROLS,NO CONTROLS
1259,fbc6f98a0126ad0620fa88d3a0809f59854aebc8e2c27333430e3ad9a7c9934c216d1bb30084c6f168983f5dec9c9e58adedce5cd3dec9de494480b053a13380,30,TRAFFIC SIGNAL,FUNCTIONING PROPERLY
1260,4699ecba6a4bfec41905922a6b1f65451a7a9fed32a666082254a5980720b98c3114412ad4d4225062182c45307297bde5fee7f3fb5233b00094ce9be5aed17f,30,UNKNOWN,UNKNOWN
1261,14e0ac30b7d642dcfea838628f48d995d1343b08cbd8e4efefafc986e5e512eb5ed76a2f88f7a6cb2c4285de7b20d777d625c8b9bc7a061ca20897625bd91934,30,NO CONTROLS,NO CONTROLS
1262,11ac978e47cdc40c16d25fa71636a738ac1df4c3c6ea0e03847c1ba10970f0ca858c838dd79a4d3ceef21982aa0c2683ad0b8850f7539f5284583ebdb4209a83,35,NO CONTROLS,NO CONTROLS
1263,6d8900f241d366730bb5931a42d641d76874c95e3f7a91f626295c278712d637e82dd51235d71cacf0ab3ce0a156209b46392bf53d9a482a6b07d4439485bba4,30,NO CONTROLS,NO CONTROLS
1264,0ee2d3c03ba8fc2028b9e92d4695d2151590835007aeffdb0ec1ea18a4e91b953e903afe0e5e5f34475fbc8f4199e985c89ba63bcdb4024bd4d18e2b0f60363c,30,TRAFFIC SIGNAL,FUNCTIONING PROPERLY
1265,b0536778e3ef9d4790a4f20f74c926c71d21a3401566b1c16dc8c42172bdaa03387642685e24bffd1793455b7d0911f06951670377caace2a99a3ed68602305b,5,OTHER,OTHER
1266,a5a4899109436ee01c82c486c214c7a0bcb41eb80897ec571f550d6c5b6cd49f73c64b9a78eacd5392d7a76f56b7e38a2372cf90c612d604ba2bdfa3fde0c17c,30,TRAFFIC SIGNAL,FUNCTIONING PROPERLY
1267,1ce39545b67c5c12c2b211da7b3257620962d3bf14e5e8fd6643d8a1c85e2877a953ba46fbc955feaa060975a82a6b0c878950191d5e2554c9b8c41f2faf577e,25,TRAFFIC SIGNAL,FUNCTIONING PROPERLY
1268,4179f48f79e53cca360f74dbb0d51f18bc9ffe3155a3e13a332f72d932a7354b93d0c7c03adea8b744a25973bf1dcb14b23fed246df6eb4d340c2e13aab282b5,30,NO CONTROLS,NO CONTROLS
1269,6fef8705a5c9bc05fb04136803755526f6955b0845d1d9203966625a2292b28f91e4006be0f402b43f1b17d4e2754b387881303e75de3afacbcad0e0605f48dd,30,STOP SIGN/FLASHER,FUNCTIONING PROPERLY
1270,7b3bd3684f79b8988baca244463df490fd4a13b6418dd40f24e8e3f270d8f04452c73f8c71cf3b8c6bf50fcf98b85e3e7eabe914e94a4c8c11d1c32f0b21cca9,20,NO CONTROLS,NO CONTROLS
1271,1c200bdf88e1ac7c3fd5cdb806b111942a769e032c22446ccfac5e5858c5d92367fa84743ec31b8719a5a6e32f11da7723b219eff139f5cd6c432a467fc11c0b,30,TRAFFIC SIGNAL,FUNCTIONING PROPERLY
1272,b44a7a0bb91c9ddaeb639b08d633b3c79b9a8ce802accba9de784c97b6a23380d8d2e2c99556ab49cf5d7aaf2176b5b261408cd4c2d714ad67c22cabc95f33ad,30,NO CONTROLS,NO CONTROLS
1273,05112dd517fd028edb0e9abd3b019ad710bd03ec9f015e9bcd5359bc3dd48706da8438fd77bcb15ea8671ee90c3a8da411d5df189ef99ad424072a6c124d1444,30,NO CONTROLS,NO CONTROLS
1274,6c87e117610bae85062a63a873806091dc01c595affaf6e5711e757e9e9aafdc9ffd7326269755806069acbe5a2a38acb76056afd4aaf7c824faa4a1fc74f216,30,NO CONTROLS,NO CONTROLS
1275,d7ea369be3ef691a01812e3dc39ac712834d572d36e50e6682af3101578eae33fc74b6879955089ebbfde84be6e44e741f2e4150516b9ea2dd930e900af8a9e7,30,NO CONTROLS,NO CONTROLS
1276,1fb102d367b403348179a05453d9ba283213b918cdc471a0041a10acf1e2b63f5946c80d34a6795dec6884f720efd6e307a4508101a24273fa2d3c248f7f69fa,30,NO CONTROLS,NO CONTROLS
1277,2cef7eaab50f055227e3e5522a1ebecb7c18cac6310b1082e9bffdf28fc8a17cde1c12845da477385e3502ad5a5f844c92ad42df9b20dd43710191d284988fb8,30,NO CONTROLS,NO CONTROLS
1278,bc2e71005dc1175731766c012e48371c72f8974f43d3598e68ef20dea8ccd4b23c779d4219f331d7a091d0094b5bf7da4ea387e97954dbacb8e420cf77bb3c6c,30,TRAFFIC SIGNAL,FUNCTIONING PROPERLY
1279,de75b1b08cf79f5d7ccf31bfd99687ebf016e638405047db53426641f206fb7351aa2a6043f05503e29bf8cb9c32855f841218f96e35afb038102e94c795add1,30,NO CONTROLS,NO CONTROLS
1280,320e89d065609ddd64f1dadaff6d62c5aec844dfc2b0fa7ce4ba15da9a7e615cf915db808b7d31e6b634fe3dd77456c3faf0ff663987d031175aa7e0a5414182,20,TRAFFIC SIGNAL,FUNCTIONING PROPERLY
1281,36b67c13d53027c7997e40f86618c8e61d740cf69a4ab411a1ad95646196090a337687606f79bd9411868f1a26125040db54e2b5b514aec5c3c66bacd9276027,30,TRAFFIC SIGNAL,FUNCTIONING PROPERLY
1282,8d7218d5a758ae44c74742b36b7a9c03686f23966c51c3ad00d0957c54554c0a8f343cf5eb69eb6c8364e3797a7105de19b484e2ab6eaedd24ebccf390f890a4,30,NO CONTROLS,NO CONTROLS
1283,f9d2d724d4c52f749a2889758758a50ef9ad807fa0b97059ea03d76147ef42293431ddd638b7451c7fbb04e8c37a662c3211e55a3789a9bed4fea0d6c49e6241,40,TRAFFIC SIGNAL,FUNCTIONING PROPERLY
1284,3234b17c52996f3bd27ddfad5b222dc61ac05795d7b6c1d26ff102fc89c365dae4fe29e567142389080919717f402a5e7cc6e8b6470873a27dcd8fec509b1d91,30,NO CONTROLS,NO CONTROLS
1285,f72479b8eed0ba0fbc97849534bb53514927862615388b1276ca57edbd659b7a98941bf06c043753baa7805c4da7242ba5696118c1def3504f2e54aef3235f0c,30,NO CONTROLS,NO CONTROLS
1286,6105e6babc5291542d5399e63ff85f588db388ce6cf29fe5a6022d7f591580684efdf0688cafd9bb0eadb6b1950e2923436c374e60147de25164bbbd23762c60,30,TRAFFIC SIGNAL,FUNCTIONING PROPERLY
1287,4603b6c8ec4f2ef3bbf8475aaf3fc1c97047ec7ba322e38e98ce4019ab6783ba79bb00d826856fed26b8a638b30493da42be8dfd474f76affd714a82ebebd319,30,TRAFFIC SIGNAL,FUNCTIONING PROPERLY
1288,732e198938921b8b2c9e3b55b9e7d02cf28568e92def166f58eab9378704f08020114045a90295358aedef9c0278e68b825faed37edd2236b554f257b04d31e8,30,NO CONTROLS,NO CONTROLS
1289,e44f1a2b930999920ae4c76866e6ee04833db5cb67fee0c6e30619ab839e9ebcf70797b309864b61fe085ceae0e1020ee8516e24b1e290ebf998e4052c3ff613,30,NO CONTROLS,NO CONTROLS
1290,fed00c17e9e57eab45daf709469e445c0af468ab31ad4bf5cea549e5dc7bc321b20bccc3babffb0c36239111011dde174fc6387df1e835ea91e154f4a6abb3a3,30,TRAFFIC SIGNAL,FUNCTIONING PROPERLY
1291,16f2f0e57601f26b0e105b1a61afe48d0c14ff07ca5bb4cfe44dc53e8a5c445b3e75df867f57e1c8934949d475eb56eed788103c72a5401b22d76cb88dfb5da5,30,TRAFFIC SIGNAL,FUNCTIONING PROPERLY
1292,aac81a7bebfbc9d2cedabfafc8a7287c6155543643d3add615b81b0436b9c62d66a5063896ffb948bf2d632a3214b8a0e2d3f56ca9773aad5381623a75b13cdc,25,TRAFFIC SIGNAL,FUNCTIONING PROPERLY
1293,8bef6381b73b658cf450f00a2db9cdbe7bb6b102176df548fa0d78af190c9bb9fbadbebda624f5317cd21d3a18a3c8391abbed368e9cbb53c2ef0013d7794cf6,30,NO CONTROLS,NO CONTROLS
1294,dc57f5b7895afb1820031fc280c8146a900d12dacb8aafda404490474d11548d37f9857777d762b36ab66b7b3404e533507c0da9aa8eabf4d529c58d3ba3ee57,30,TRAFFIC SIGNAL,FUNCTIONING PROPERLY
1295,a64b98f9d13b8baccd009fbb5f20d5a71ed84cd8ad0e5e4e96f0791c402c9f2e4f13b4cdb7e8895d56733bc9d8dfe4b9e2ca0f8911b68745af8e5f76d3fd735a,15,NO CONTROLS,NO CONTROLS
1296,e7fe62efc4d4ef850f7843df6e80842367029dd2721f2a482e052c71378ea02860fd53672be976ef9dfaea4b602385777a977e4f3b621b2712848231af0964de,15,NO CONTROLS,NO CONTROLS
1297,8f6c4a4ab6ebc9c16ffe7565ddc22b74c426b62cd9769f2a9bd15746c53da7feb8fcc55ca1fffaf21ba7949d6386cb9f7d8c6ccc912a3719cdda4aa2b48ecada,25,NO CONTROLS,NO CONTROLS
1298,45c17ef3d84d961383acacca2ad30e4c945c7b27741217bbcf92b1937442c7c703ccf408784518c73aa6f13df3e84ab121de80f7636bdffaa0545ada17aa5d65,30,NO CONTROLS,NO CONTROLS
1299,1adbbd0a073ea261a665f53ee000152ffe3b68f2130c5af9f38ada9119331312ba5ef8ec6abfa2db44cf991283c8828ebb9757feb838ddfd5b0e9fef331b142c,30,TRAFFIC SIGNAL,FUNCTIONING PROPERLY
1300,5b0b3cd3f76811952d46e274120776dc7e4a1bf894a17bb5178dd9438105236831b75f44a8b06bf75b98556df068d088fbff637579012447471b06559a11259b,30,NO CONTROLS,NO CONTROLS
1301,25ed781b49003ad4c5fd0780892abd341102bf6b9d6f8a11296ab8e04ef85ca45c531a62005d696add2e13bddb624040d9ec5ef1f0d5e6d9475f634949441ea9,25,NO CONTROLS,NO CONTROLS
1302,d1103f6520289ba1d7847144d5eaa6975c54baa09f69d8abcea565dabdb9946f2b58f35c23dbccaff60baeba75cf2fc81d826cbe3fa62552550f0d2fa8ad90ba,20,NO CONTROLS,NO CONTROLS
1303,8e882dc497634fff13ab428dc1b4f2c7905e6e88d1d53d3a5b933b06fc458901a47c9e8e15db5d54b901b40fe7390d493ea21bc853cb62fa9c8d0cc627483f8b,30,NO CONTROLS,NO CONTROLS
1304,6fac3f68fe19b0f32d50252d1700544c00c8d77732962a49633c0078507b33b3e111a9e37d62b08f688abed0b8ac08a1442c7c27da17c9c5d8772da99da6de08,30,STOP SIGN/FLASHER,FUNCTIONING PROPERLY
1305,6975cde43ded6b285648e82a9260c47d598d757eca37d9fc063f242fcf0a5ffc21c83084ce3853e8451c01cc7404aeb46b09ed76ca4370fbc2be5aa016007e14,25,UNKNOWN,UNKNOWN
1306,e998b95f9fa84f83d72030c708739feceee970a1a37330a89cbbccb4b68c2e4b204bf3c0cf0a695626891031249e259f6193da064febda62c4749fd8b8fb5746,30,OTHER,FUNCTIONING PROPERLY
1307,690673005983614720677f6f2efe0db3d3bc90387b4e3fca25d486b60a0af625965eff3dcc698e5a6057429e07b1e42e456dd1416ee7fdee480e5171a8440180,30,NO CONTROLS,NO CONTROLS
1308,b50205093ba7032a93e20edb4ab737f0f5bb6859e0ff94a1b0cc1020f6af6efa68eeae56e8643fa864ba6cc9ff263e59afa26708971dc7bcca21c88261cfdeb0,10,NO CONTROLS,NO CONTROLS
1309,5bf5e73445af614ef0d3a0967ed0fbeca3e60809f43b72766450088f33eb9217ebed69ea3a1188852b722289b0df226f7c00c38892412607bed330fed48eeb76,30,NO CONTROLS,NO CONTROLS
1310,d6223303f61943f95cf8f288591abdb5aed671ca895081fd00d8295e4c591ef27990e8b34b77f30226a0195d0aa0f00f4f51ac8e960b909c08a9c6e35e66ddd7,30,TRAFFIC SIGNAL,FUNCTIONING PROPERLY
1311,cbe52db07f8fec957180ffc2476ff7f39b7c900f98a8988e720f86b3d20303cb1fec74b489b25135a0fc808ca7f6099d289ccd8ee2a57639e4836e38be03cf41,40,NO CONTROLS,NO CONTROLS
1312,dd670feed40f14cfaaea303e10f85abee78dbfa37472c14bc2492ddea3c8fea2a45dc95ceea1b24e666fa31c531dc982068dde95a75e4200f8ddd70a10155315,30,UNKNOWN,UNKNOWN
1313,869db640d1623a6e1b0b28d13015db263fb34499724e08a93e0909211bf67a87ee8494d7acd60637c50253da32ae8152f295c0f0167ee702afc0235614098a0e,30,TRAFFIC SIGNAL,FUNCTIONING PROPERLY
1314,397e209fdb0f7589c719f71454aabb3a9e2455a72488704557815d764f2f21869163d34d2beb906f9c328de53dfc6003043765af0e45e699fd6fb48cfff5946f,30,TRAFFIC SIGNAL,FUNCTIONING PROPERLY
1315,131cee4d3c26c6dd107fa9262ce863b1190f2677ca098793f3e0dfb4b62ca54c5acd9cc3dbf7a81713cbdc6bfab182fd120ba70f98b455f7d8f1cd7926f7a48f,30,STOP SIGN/FLASHER,FUNCTIONING PROPERLY
1316,827dd002a3fe6ca0c6f70bfe5568b7835d43b556bfe4a1ad3015f7200a000e8272939f0a719c8238ca698f41d7797580b0b26376fd9f0a74d8710896fbe2d5c0,10,NO CONTROLS,NO CONTROLS
1317,22d43d89a98a8453861f97410961b73278d3a2ad4a652ffb8114a203f36c387dd172f40d99c74089ffb83bf0bee77d57bcf96c9fdf16ad9f52ab7d7947007f31,30,NO CONTROLS,NO CONTROLS
1318,c33ed5d92bec5344547ab9f55fea0c2fef6a5db01e695a04c5842cd43b333e2f5df7f260d604f4477ddfe56c144cf284fab5114f480398b55652f00455b0c9b7,30,TRAFFIC SIGNAL,FUNCTIONING PROPERLY
1319,f7336aacc1f766d003341ba945c33f83d3c98ab6ced9d3186de43ee8d89bd918b433969a4b8c2c11ae3f96f2767a51cb4700b78977bfe3e67b16eefffa503bc0,30,NO CONTROLS,NO CONTROLS
1320,0d9043e12b57d205b90f8821aa73fbd8be89895d00403a08be4573b4a596d4fe07c62f18200d337bcc0355a70880bb1820bf597c15d6cb0f82254f956f7ce23c,15,NO CONTROLS,NO CONTROLS
1321,844d4ef8cd32561cd10c9b8411cc25f1227f8cb0c825d1fd808ad1285ed0923d820d7bbf6ff05c188e774e3eae15e192253180ceaba04ca876faa5477d310f56,30,NO CONTROLS,NO CONTROLS
1322,2a77cb858ceb4ddedc5f0bfb4aa7c08b8737ef370b945bca8d6197beedc91113a012eb847300f7b1161de831919057763413e4e9de62689876e0f0a3fdb8dc9e,30,NO CONTROLS,NO CONTROLS
1323,77f67640196c7e68e2736f2e61b56397de91cc0e8a1d3836856fcf9a8e3dd2e20d85218750c3a0963d0d6361a79fd8dee6657e2104ab201afb89c0a8b54cf906,30,NO CONTROLS,UNKNOWN
1324,76a4f819db1839c097a87907661816c209cf3468799d44cfdeeef71136f544425806da426c5ed32343d218ba209802ed5e6b559cfc84d1adcd798843cfcbbe2c,30,NO CONTROLS,NO CONTROLS
1325,def5b3315f294f4dbf218885c94ff3ad510204fedc39d6ca2cd08cb8172ba152df49e32689791000fd980439786f361ce789557dcd61724bf8ca954f88e8c987,25,NO CONTROLS,NO CONTROLS
1326,cab9c88d13b8c67c88b1518bad9e935af7a803401096f5634c1eaa9aa68ee57d96170388fda9268fd40e6348ae3ac7f789d08291028c80fdfdf6cdf43f9564c6,30,TRAFFIC SIGNAL,FUNCTIONING PROPERLY
1327,a7e1509f0e407eea3cf6ee335c73e9d661ba37a7219610dbb3ef836b4acefae1a984866929f406a5f03ba9eb475850cb9225801433c5c78217e4d6ad78b8df0a,30,NO CONTROLS,NO CONTROLS
1328,5a4a17c84b741de44539a6e4bd2af52974dddc8a266c85197e5bea91391b5b4ad0fc9a1e0f46eb95f09fcd12f0967032deeb3f3a5853e1371daaea3ae4825489,30,NO CONTROLS,NO CONTROLS
1329,e6ba4df0c5102c9c0e2fdec90495b8605bd0cbe07778f64f4509ff1b9458f408950fbe2dda52e1553d37cd1a284879d4605125ffc6a90cc199dcb668eae0cbd8,30,NO CONTROLS,NO CONTROLS
1330,8a7a1e92561b31eb89fcde33c2b6cbfe4794e9bd10e016d194f3dbbc2c64e38e5e87cd22fe0dccc9c51b6b777b8164d8944ac29dfe86ec54ae27330a0f04a9e8,15,NO CONTROLS,NO CONTROLS
1331,ae6c05a6cf3d7fe65a437d89ca78e4d03d86220ad7cbda19949a4720baee850e48e7c2c55795c4746471568295aef9c87f1dae47930f4599f4fa98352a9a60de,30,TRAFFIC SIGNAL,UNKNOWN
1332,df765930df535a9122f5d52202b6c1cc01388e6fc056fbf6beef2acbf3503592afc6c81d420b68baacd9f48e4169e744e185cf2d00f28d6eafb64ec271230600,30,TRAFFIC SIGNAL,FUNCTIONING PROPERLY
1333,cc67808abab769499db1199a53c2c1b99af4e6ed839c444e12f970e681a6a635ebab2a98ec03cf139c17bb2f1e244755e000b159f825b5eb4a1bc55ed723d419,30,NO CONTROLS,NO CONTROLS
1334,d7e1573193ea8d757924745adb83aed27dd004b98aeaa9cfc4bb904071d965f27368149266afb0bee273e38f233111dfec68e2a6d7584a48312ab822787c74e0,30,NO CONTROLS,NO CONTROLS
1335,68cdd3d8635947dfd355cf6c2668a10f5bf2332ad66d64821bc1da3070f1a3d21388c87d4eb9ce689e12746d72c9f01fe31a392c8f16b60c290a19d9796c0ac9,30,STOP SIGN/FLASHER,NO CONTROLS
1336,22223546c69caf91b113ee367ea7a9e26b70330429cbec5b59bb23068917b6a2c1aefb2c6fec862395c281d43445e0d43504a4dca97de1f64ab6782a9e10c494,35,NO CONTROLS,NO CONTROLS
1337,f72fa4f28ee380ada8c573d6a0627205baf3f3082b1d87a73b449e313006afa501af6e4402a2b21fc24ee4795c8c552f21e2fd174850d5c9b8693c2e3f1d04c2,30,NO CONTROLS,NO CONTROLS
1338,2dbeaae48b8c5c0d1ca38e77e8b4ace6f189ce85a21eb376a739e5b3335fec348f299fe4dd69da7569747b095b34c8b1aa42fef3143cfc2aec99b14f09c61b02,30,TRAFFIC SIGNAL,FUNCTIONING PROPERLY
1339,e90191383cae36eb5c2c0f643a34518a08cc0fa22964f08739ec8fdf36e39e3343a8738a16527ab7f9445a229a18e4c880a3c3668dfe016621bd330adda06d29,35,NO CONTROLS,NO CONTROLS
1340,0bbfb237ffaa8cd43f5551f26bdbb94a25474f797f1ff133e4357dd514f02b37cf490494a523ee9bca52df082c364ea0d5bd2fff6339a445ed9e5de5eebf5024,30,TRAFFIC SIGNAL,FUNCTIONING PROPERLY
1341,abffbf59cd6eb2a054ac64c4c528f3ae04d9f2d12571caaa66f4e8ce11df1d79d12d92cafbc78913f89478de0cc40058d9403a30ca78b95052c070f6c2a53d99,20,NO CONTROLS,NO CONTROLS
1342,7bf7fc2e19ac7960ba845a8e41bc9afdfa766b2a2e156edea4af22cdc8730a3a98f8c075134843dd57f0ee6b945e6b5797ebf741ba3e0f091f96afb2725cc091,30,NO CONTROLS,NO CONTROLS
1343,910462730fca4360f7ff5d97319dfb73397c701c7577691081c752475db81025a09b3f017b3d6b5c03c4ed59b71874dc752903bf5e509c358352010a058de8a8,25,NO CONTROLS,NO CONTROLS
1344,23cd937352fb10641135b567f047baac10d68db715f093fa5c1802abd2cc0368887fd7fc5780e5587850e683e0a98922bca74e24c7e84f47397de6c7713c4bb8,30,NO CONTROLS,NO CONTROLS
1345,db6bf605d9aa8022ad3f70e5a972ead199151b98de8654f67b331e2097c1c71d725fef0f8cb804c758a9b75deca7e496135d001bb9959b9a1dea43fea4b636cb,30,NO CONTROLS,NO CONTROLS
1346,40e7979480551fcbf3aa6b7774e2e9e07579548b268a8120ddcf30fbb2f210d1a811916f2e24972fa3ebc683a114ac48ea7d4956d70c03e91a6d6ae5d899db46,30,STOP SIGN/FLASHER,FUNCTIONING PROPERLY
1347,1d1fabc119a40d946b6316959bb532c068778ab8825f3bf7538d8a0816685df68964a84195ee26e18c7183a17cb27c46c599f9099856f43268fab0164f07500b,10,NO CONTROLS,NO CONTROLS
1348,5b1d3fc45a09b8c2beb72e3b4a08afe93c058bfcfcdfcf3164c3b504e308a7c3d67ea4ef54fbd14aae5ca6e3678557aff8e891e35e4e2e99d2d3a3dda4388a09,30,NO CONTROLS,NO CONTROLS
1349,19d1d8135919b04ead1cb27ab2f62ff11eea95caa5a931ca82192a878b412b81861dad3b39db125f2219276b7b63ae4e156dd5b759e29e06b926e1547e514b6e,30,TRAFFIC SIGNAL,FUNCTIONING PROPERLY
1350,833ae9d83f58dd759cb56599655464ce968f04a3342461a0b72036bd3b649dbff4ecdb521733662a54413f01abd98e8b7ed1c07a27095b9e583e8509167a03ec,30,STOP SIGN/FLASHER,OTHER
1351,0e259e2f3cb0b3c3f8c026dbc3abacdeef0ea6713065b85977cad4f4082f83b8ce612091183d398da93f406e95e63bd164b3e0f687494ff3ef97e3da5fa82631,30,STOP SIGN/FLASHER,FUNCTIONING PROPERLY
1352,46d7bd606e3400c2f9186fd9d982035cbea448e602380f36bccd02a4aa0d2602c762a038a40afe2bb02e5b6b25d50bc83e23a3354b56cc2d0aa45131af43feaf,25,NO CONTROLS,NO CONTROLS
1353,6ee331dc89f87916a405c951ae4272c91dbc90e1df03583c6109968c9901920ce198ba1a490b8e728f1c5f52c966fb85d68c0df05972e6851bdc96564fb95067,35,UNKNOWN,UNKNOWN
1354,8085b1661ab2f967457ff6625bb458a727c1384d69bf06e10207ccd6a0fc54b18211824ab03960157c65126da1d4988e803ea45e4c8b166d2a1d14776eb5d23f,30,STOP SIGN/FLASHER,FUNCTIONING PROPERLY
1355,77cd8a2ce5fb295de5daa5a0f16b79e753a7c412dac090236872888d0c863c44a9f16e8b20ef65c0cc411ada5f20974a2628906bce4233f321cf713656144e51,30,NO CONTROLS,UNKNOWN
1356,74e8cab8afa0bc3d6109d4ed30d8ff6c5ad06e42b41b6cf5bbf609abc8a920babceeeca938520e63b7b331e597f929fed832816ec365364274f09021c1b0bdc2,30,NO CONTROLS,NO CONTROLS
1357,6d63c5a8197af4cf586d1310b612a57fa4aabbbadba654b82f1b24f1ec5a1b9fbaddcb6c8198d9c8c9770c1195bb4a53cef7bb62929ca24b144c4a99d275ce36,30,UNKNOWN,UNKNOWN
1358,e691ef900e73f1af5d027de3b02bdc79676d97d43cd4ed02776385e30931cf69125e4553947052dd746563eb80583162110a58d94b7308034a18bda8a0f26f9b,30,TRAFFIC SIGNAL,FUNCTIONING PROPERLY
1359,21917cc3ca597e109dea25f12fb4ac60ae0dc40027a96e6857356c6d87ba6cfb8d7727f361d93fe0b5f245ba15bec1377d116a81a9a28a4d48b7a9f78ed5464f,30,NO CONTROLS,NO CONTROLS
1360,a2fcd2b45eacda33bc9b35752b1cdc1902e3bed7be376fb5662ca7a0ce9ead0c1df863edf27f2ad28bdae9ccf46235b9d6a205ca9d159c3425c92b0212c5dc36,30,TRAFFIC SIGNAL,FUNCTIONING PROPERLY
1361,522f6960802ec1a1f506be86e8e7c77d317e83f99a3c266e52f2ce562ac030dccf1d5d2fb22214b975c01afd2e7bc51550aba58ecd5ce2d5adde6dc764bf47fd,30,NO CONTROLS,NO CONTROLS
1362,0facae16540f7a2406450c2afea8a970e12a1e80d813811aa8037c50772834263b619a1844fc1b1e1301d74c88515a711c347afc71cf93c0122655a24c55d6ec,30,NO CONTROLS,NO CONTROLS
1363,adfbc101d94d12b7437efa4665536d122923c3157a9e8e7bb71e7b253a4f5d0b0b503d8cf241b511c3aa4cca76507c38356a97b6077f5176d577fc9cb2dd3b20,30,NO CONTROLS,NO CONTROLS
1364,5848e53b6b9bd3b6c28b5ddfb00269bd1628f6a71a99dcc3e415ea8534dc60fe93bcc05c1321a3f2239a3823a837fe89e6a983fef663972f858ac90c9274fa3c,30,TRAFFIC SIGNAL,FUNCTIONING PROPERLY
1365,18a99b8ecd5be893815916bee710957c59fe4570bab4abd3c9f79cc062092817d71ce3c2143dc60b9ee307789c868b2a5137b5312f8ecb3a36b619e918dd4d63,20,NO CONTROLS,NO CONTROLS
1366,7acc49f185f062dca37dd558c519827907a06ab2357fc83f09c6fad8f22ee7dea9701a0199b669347a04329c4f63dcd6b3d38d7d1de6d760185b37e5a98377fc,30,STOP SIGN/FLASHER,FUNCTIONING PROPERLY
1367,a04582e579d9655ec567b928829d9c5b67aac29e4d799553ac1f9e4c94ef76d49c0463c5872cd896fbe1a12438fdf2d84e43baaf24d350e6e62d85f04919c5c7,30,NO CONTROLS,NO CONTROLS
1368,05c1edcac3a02b79c7fd6a4f3e02020e0a1bbebb1ff9cec396bb18427ab50af75a415d5772fed33cd5ca2020c0c60814c01e1609059a573dea97bec8538c3024,35,NO CONTROLS,NO CONTROLS
1369,e5969884ca142de1d11ab8a13ca9e4aca8d0a7bd187c4ad4d630382f1aa928d20318d4f8c06687b80802c242557e409a1ffed1b28195ca268d5d01ea08b17b7a,30,NO CONTROLS,NO CONTROLS
1370,177c718d510e970a6306bf3eacbd59fb57dfb1eaaf23eee29c3fcc5128e5191bd4aba54dff4374a2fc9c066126c94666413a1971e72f1289489d3bc26d311b7e,30,TRAFFIC SIGNAL,UNKNOWN
1371,b5037d2a237efcdd655b0bbb4e5ba059bcad7799707c05f93691af7965bfc6b3c43d555a6137d8490a60df47cdefe0ff9de5e38cb695fc7e8add5d37490e378d,30,NO CONTROLS,NO CONTROLS
1372,328111e20d6ac9a65899bd11eaeca80b726d7bc4ba85713dbb986341a53eb3a3e4202ddd7ccd81c9c961c12da375ab8388e180ec05c390ad87db9eb3f73b41b6,30,NO CONTROLS,NO CONTROLS
1373,8aad1dd173a509fe45fad26cd110a7aa2b4fda15d81770c37cb9fca4839e0c657e25895b8b7b4d863feb4a341420a14d913a5fb7a3c3e6b3700ac3a1e839df69,30,NO CONTROLS,NO CONTROLS
1374,a946ec9e572a2ae13535e8aa9f38f0e6e8761ce24ebf339f6baf66c1e20f4a4f40ccf85189903969b878a7da85d1d6e18f1734449ad10342233dbf6c003a752c,35,NO CONTROLS,NO CONTROLS
1375,0b5351d7addd799d1508941fa4c6f808e81698ec0a16c20f12406e54caa622ee6a391655b3eff7811e047f26b862c7fd4c803ca25ddb3597b00735c0079080b0,35,TRAFFIC SIGNAL,UNKNOWN
1376,fb43ef270e12fd10d537d76740bb500b5b2a90f7c52a1e04e04a3050941593afcfb8957c09af7c43808755e5d73b94f38d5b68d6d99f99b8f2f2bf3fd830ba28,30,NO CONTROLS,NO CONTROLS
1377,cc3a81f81ea8659a816fbbd1a69a52534e9c2173091e1b17aa33fdf8c5badfea4edb1f172b6dcac0414e3dbc6ef8558beb748fb7a96cd882bfb248065c5b5a5a,30,NO CONTROLS,NO CONTROLS
1378,0246d52b56737fb0418d9a968b050286477a3c161ed0cf302108f99b59a4ee4a1c49e970a6b92571a611d3ea18f2b87c1c1e76a8df52ea0dccef242a88742645,30,NO CONTROLS,NO CONTROLS
1379,1074da8752df292c3c35371362a29e60f9e19966db28c4b1f8eae6432f980e3c633627ca2f9d585d129136f8476459a94cf1fbef89e4fab02d2606f476f1e736,30,NO CONTROLS,NO CONTROLS
1380,4063bba455f3755b2ef72b06958c7a2482c4df511f4e9f511a6bd61d02601fec4af1ff879d4be4fc533ef5848323f64e3c09264e4b18d6dc429ffe09bcd22455,30,NO CONTROLS,NO CONTROLS
1381,2efc7775ceb34eafcba5ed0e5a10c0d905bd35f1bd0bdb540a355d8bd0e90996940e11c29c46e40b789336d71712aabb929a7b1277c009787c02f76d4acc3610,25,NO CONTROLS,NO CONTROLS
1382,b2ab394f4023579902ee6bbe2b2fa2d049e96514d29bb0ca97964f75f84bcababf86ee2a9051c0771b4c6a5755e96414f047f1291fe98283fda1a606e64b88dc,25,NO CONTROLS,NO CONTROLS
1383,741f4f02509d967aac6806e695235eb081d0aa11a00a8bef18a7e95dd53f973daab5437d60d7a7b4587b698da275d08a66b4aa412fdb47603c6946a9f9eafaa2,30,NO CONTROLS,NO CONTROLS
1384,f88d9cde7f9f00de1ca7569ce208ab1999df9b23013a90f712199069a2e65caea5ad13809d56fe0e77af68ab77da5aae6c5b902e204b9225fbf7d6778076d8e5,30,TRAFFIC SIGNAL,UNKNOWN
1385,0edd31615cfa286f03966c02b00e802cc5fcf3af26120f37bb0aea4752412fd2698f41dfab03f398aaf47e60a05ddc5985e3847439b89c5bc5cda10583c88a43,20,NO CONTROLS,NO CONTROLS
1386,8e62647dd5f604a3792673c6e627ece49bd91947dace101fc363d104fc954a1aed1839f917b31db154895a4285251083cd2089b7641eec122f37a4d7afb4b69d,25,NO CONTROLS,NO CONTROLS
1387,2c260cc7545eb86997936cf283c21dbbb8bae1289671c63b7f3e01cedb09eb301445f4986db6181815a503f1232b6a8d19cca3027b8c7505d13efaa688add1ba,30,UNKNOWN,UNKNOWN
1388,1d458430a452ba55794f0dd7a4a508da31eef5084f1463eb7523491b90c0bc2ee47b8723865bd1e45f6eba126081786aa8561ce52e84c7b8be0a1b688cf835d2,10,NO CONTROLS,NO CONTROLS
1389,f4c892ca55fc33a9c34ca3c9a91dd85975271b21312a8cf752414363c023d8e23d33afb4245028631be1283b7eec01b354e83ea537302254217b117494924a3f,30,NO CONTROLS,NO CONTROLS
1390,088991ebc396ce89f3f4ce8b022f6afd95d8f01397567ce2f73a8480163a28f41e4b3285178ddd542e0ff0fb97c0d84e824f4816885ea5ff1545b3f27fb9cb7e,0,NO CONTROLS,NO CONTROLS
1391,ff00c4e6d6cc0c9775925a52a546899b396e71665efee8352aba2a465807da3fd348c0d77ccea9176f87fc608a79ee19acc09893905e93afb2769dc2f1040a53,15,NO CONTROLS,NO CONTROLS
1392,c5246f5f42beed12a854cd46d9bfcf543ac4ffe745b77ff743533d0af9784c95405e29ee5d30541fa0b800b510113cd703572dfad33996d67f67dc40ae220e36,30,NO CONTROLS,NO CONTROLS
1393,4f8e22948b5a5acb1fcd6b8c6c74036d70ce32e0f081b62bc56dabad74887a19785fa0f289b7fc45dd8df055ec3afb6ddae0768b90fc83933a7c4b3a5f3005e2,30,NO CONTROLS,NO CONTROLS
1394,22c38162c7940d4148de35055327b7a6ff990a1f3b0731dd16dcb6b0c2e64b986fe6e6b98a89d6d9759411e7675ab33d2c4e19d187c34ae86c5573330df1d823,30,NO CONTROLS,NO CONTROLS
1395,f79425c189edb867eeb37597c815ef131a5e905d0529dd629f597aec29f3fe8d57d51941a381603f3026196fa58f57a923d7b9b23a84407956092b4d60e4cd02,45,NO CONTROLS,NO CONTROLS
1396,3173e7fa51bc596915e147465fd43c95f87e1814ce20e824a89a6d72354824a976d50bb35a2bccddd498eb2fdc361c0beff37a2e0058edc9c5b9f473449ed13a,10,NO CONTROLS,NO CONTROLS
1397,5ea2c3bc63b8f4b9d376d0c1d5fdd55e26a71568109aa750cbf338236b0ffab4e5b15f65444a9bfed8c067dd4946cf6c56bda0392e8db348248a3331156cfd43,30,NO CONTROLS,UNKNOWN
1398,e89c1594dd85403197cab669061c635c5503e9cc4ba0557f90f3fd269185c89f55915ac03e3d26e57a520f8c63824994e5bec368bdbf7e449654370b9364efd0,30,TRAFFIC SIGNAL,UNKNOWN
1399,4e7a0f040a2e143db89f0516fb27cd8c4d40866769f6a3f5a0165c96f1688fb68259292f3467bff706415ad8b600345b4cad91c1f1eaa0a17639c532a4c8c24f,10,NO CONTROLS,NO CONTROLS
1400,c9761dbe0f2c85e3d3a60ed5090522a1a4dcb87c0ab9fc87a9e752c64cd4e99ed943e9c7100ca9ca5fdcf2871a0ce295aecea518ed2978c5fa45d08dce2b944f,30,NO CONTROLS,NO CONTROLS
1401,c7091580362fec901fd6f39891dd8ec3f46b29a475e172c41e3a4410d899a7b8ad008dbca2b4b6ef7fccbacf70215c12e90456e16b92f73376985d94a08add60,30,TRAFFIC SIGNAL,FUNCTIONING PROPERLY
1402,fa63566162788f76a7a923d67b3ed7f714e68e76ee8f381706fd8fb74871429e667f94003c2c50a2b95db8af337afe9c0918b63fc921fed3884d9bc2fe99fcb6,30,TRAFFIC SIGNAL,FUNCTIONING PROPERLY
1403,04f8b57f7c15da8eda519e44845e75f6f38eb28832e6d82ba14bd708b2c5a5a447dd70f07b566d69535e6ec97456a939e5b3326b844ae7dcabe446043089766f,25,NO CONTROLS,NO CONTROLS
1404,a1ea8bcf075cb33c3d5221f9f6469ec82c0be8ee684d25739871822d4baf2b0fddecc78b96de18b408968c3e668c21e7ac8f2abf37d08bf44af53cfb0d4ae9bd,25,TRAFFIC SIGNAL,UNKNOWN
1405,76a752fc9173d30e56e4b2a820c714cec348714af17f19034943b03e2aa7650e0005eae305104b508e84b31e42f3585bd4e396f448c25ea1be32b14907ed8c5f,30,NO CONTROLS,NO CONTROLS
1406,04b524c16b72cd093e8074f41402fa6ef106f0fa6acba5b099f5833748d3e19efb0347ae25b31bfa68c06dcefee38f9b93e920e17b2a10047d8302e0f9d55e92,30,NO CONTROLS,NO CONTROLS
1407,150e7b658203b15c7a00ffe204640c15e0c866772afee658d7fc87d60d821abdabb45f80e98806e6a773660a256c11e9701f69e2e964a10929058f438ee2f129,30,NO CONTROLS,NO CONTROLS
1408,3759bfd0f7d4fd22bda0c7810ae7c41fccf48f5fdd1be5f2a6757817b90e29d95bad75a7838844e97c34e69c95fc1996a84610af70d8912b44b5ef58e3a594a3,30,NO CONTROLS,UNKNOWN
1409,98759f9d61829781276a495d74e9b2e5af85b9f0ab02bf33a0cd1a2ca838e5474390fde5fcd3caca267a28ee353716381057309df9933dfeb62fcec4fc1be74d,30,STOP SIGN/FLASHER,FUNCTIONING PROPERLY
1410,daf9e59116809e224cc3c1834556b6b09b2de9d0df50b3cbbb8e292425cefea8958ec7ae4a71a9c47cb28b4d399e1be8377966885fc2d3c6986c96b5c491702b,30,TRAFFIC SIGNAL,FUNCTIONING PROPERLY
1411,be386161a6576d470c080417dcf678f602e49fb9b82868e3c9c4c1e7ba31985feb0bbf8bf156ecea2326d4c17e479635449174e4f3e6aa5f295210a0abf2cfae,30,TRAFFIC SIGNAL,FUNCTIONING PROPERLY
1412,8ce56fe2461eccb1d41c4aec9a31529aec0ea69158df060311f3f4fb93a1ea12197f633f0af4947d205cd53363d39c7f6f601e3220f6f1ec4d9c36cbe05ad0b8,30,TRAFFIC SIGNAL,UNKNOWN
1413,beaa2e3c9180c4b485e84734005886bb204f1bcb0968ef30a6d4b1a93d82b128a23ef43b536e9ca401440f7f77e4ec8ef97792f4ad847b0d7ae4ba45a2560603,30,NO CONTROLS,NO CONTROLS
1414,441893f2d12c10b4c0f3a5ff18579b67e2ed3771c165de52154090c3b7e10116c4f27f634198ea7a64c168b354dda87434040062164c402de42580bb16f2eeaa,25,TRAFFIC SIGNAL,FUNCTIONING PROPERLY
1415,ebc72e470a2d382969dc4357cca2045db6e835a5c4c2604ce02de76f12a8e786bb8431648205825e16a259b0f8dd1058fad8d27bf1555bf9d8d163100c268028,30,NO CONTROLS,NO CONTROLS
1416,6bf2e96056888dca9ca995afb024f443fcdb9cc3601afcb2c472b5d69c393cf1c1ae82218bab59802958b6a4457ed848df4cb788e4e96be2b1bec98815bcc358,30,TRAFFIC SIGNAL,FUNCTIONING PROPERLY
1417,45d5bba4d11c7ec81a5ae70c205a5d475f31baae4a7539add5b01418042e1abb0a4b6d74e4e6c4bdecf2523fe67641cbefca02cf8ed9b9e1fcce0ff05ba222d6,30,NO CONTROLS,NO CONTROLS
1418,3c1f9b9f7d0f56dfcf38bff3d1e81181aedf7f20fb219831f5032fd5b3d6dcf38fbea059c30cfba1c4582672783095d34975689189ecaaf108f65dc3c8bc7670,30,NO CONTROLS,NO CONTROLS
1419,9d1308afadbb69c4c75ba5916bbdd324e9b2e650bb20dc68b5400d994e1c88138f9b7e5765d4d44fb1246f799f8d8e90d45490ae39024361ff2a6217f6c7cade,30,STOP SIGN/FLASHER,FUNCTIONING PROPERLY
1420,0ddac058c40dff830f4e94efb061db1d5aa91e94292bab7749a4eaf2247b44db6d620d6c464f79ce54ebf1fc6181ad6df3981b889dc4bc9b846485de5d6d939b,30,TRAFFIC SIGNAL,FUNCTIONING PROPERLY
1421,c0fe43dbad81deacbb99ec88a715a2ca9fa364d4bc051d85261fddce9275b1088f1baec108e4fc3ff8e5a256f1743d8d2e3e1823bed22b41572317f2a7e668be,30,NO CONTROLS,NO CONTROLS
1422,45e64ef12254c11f710528f71fd97ddaecd5bfc4f86293aaa8da5b5cae5d9ae3cb765082c968075ce31a819492deaa20dcb55aa74fc2e8300675b8dce6995fcb,35,NO CONTROLS,NO CONTROLS
1423,d4e83fa3e58a20fc24673288ea611a09649112910fa3893251d3bd38d538d64cddc3c30edc61cc3a9b301b1167048b48e31f464bba86cc5087db053e1d6e869f,20,STOP SIGN/FLASHER,FUNCTIONING PROPERLY
1424,ab7d9903422fc6b4a8fde642eb61a642f6fba7a5798419ffa593cc8646812d8e2bab370a7373655e85822b8c069af884206f09c3a17c1f39badd99551185f887,30,STOP SIGN/FLASHER,FUNCTIONING PROPERLY
1425,6733f43163b800629b90b88127199eb7b48fe60efd972c3c22825433aed5e0df933422923437a468ab0cdc7617e32e7dd39f5f9ba0cfbdc5dcf25c26c1df648b,30,STOP SIGN/FLASHER,NO CONTROLS
1426,b72a0d622f5bb5fbdd45e4d8b332937eeecfc650abac508ac6a54cbccd25b67512d9372e0d6121c839715c90e95dddaa9b9c34fe7043ea760321862c538b4043,30,TRAFFIC SIGNAL,FUNCTIONING PROPERLY
1427,903008dac244c4573e8fddd06b0f0de8585836633d31c8ac4226de53037a6d68058226a2b3c4a9a01f47b94c553c757d5d563e76f1f40fae55f1a990ddeb4ed1,30,TRAFFIC SIGNAL,FUNCTIONING PROPERLY
1428,592f4c22d858d29dcdf1e2907baabbb0a58acfc6d4c6ffe354136e808b3f07cc545ac71601aff1f20cef07dbea7314e790ae40015e0176abdfa7959114275ef4,30,NO CONTROLS,NO CONTROLS
1429,76460c4ebe6e44e5f5bdd227fe881e7ecb6aebd4bf5f889182139d2086190fecc41b060091124698f9a988dfe49dbecaa27b2abad6a0199ee5c366d51612f8e6,30,NO CONTROLS,NO CONTROLS
1430,28d686ce8ff6d0a5d74e3ec5d9c198fac00f948de8a609c023bb3adefa5d57368947da09539c26ecfe878bd0503b994cc5640c2f7194957898a50c5e8e83f0b2,30,NO CONTROLS,NO CONTROLS
1431,18d2ca420e1a2698272bac8211caef62b54c242d45aa45c57e8783cac1ea2de81b61a3586c570e494be2ad7fc44046e65a18db18c0160a2adb0e7ca8be31a919,30,TRAFFIC SIGNAL,FUNCTIONING PROPERLY
1432,5b397fcc4787bcfd9860cec256ce71462caf6d6165be796afe099ec4f584d90f66dbd9594f2c80ae00f41859fef8a648f34a54f71b70baf6bceab30142774118,30,NO CONTROLS,NO CONTROLS
1433,75748b9fc441c1562f38391285d634eaeba8106066a45837dc809214d5c09a12f54fb660abeb8c4e0da83b68d03b4d5443405b8bfb1e316e57ab1f7cee1bc49f,30,UNKNOWN,UNKNOWN
1434,a7ed2fbe18b45c6abfe761ffddde65a91e7c502c7767bace876f0be9fb68f9a78277a3d85b793e5d91be0ca68f552a71ada87e938d3c4a0ceea2cfed9021c923,30,UNKNOWN,UNKNOWN
1435,f61bfc8c7326f8b48cf77f697014f00a3d2c46994fcd6844e309a6924d10125ae14295bd5892326e47eaf7111c12e2d415f0ead7b9060bcc3d975be300e89474,20,NO CONTROLS,NO CONTROLS
1436,f0283f42ecacd3b9f450e19b7f050bef7f7e33f79a4588e93f56040ca755e9f4f5a449159e074aa7893770174f2d018d2befa87c027e685a9c35c99ce8c243de,30,TRAFFIC SIGNAL,FUNCTIONING PROPERLY
1437,e40f154003393ecccb2c26503fd6d46a39ed42add3fab14f65e0219907c83322949465715a66f84153087ac5adefa380f6afbfe47a4158c908efcb12bd61f7f5,30,NO CONTROLS,NO CONTROLS
1438,d3f06841c5e27f6c1904464abf9cdcc86ae7ce82d4a901c525a6fc07efcbdd7d26332acbd97edc1eed16a0fe5c12772ba757b0cb8a9ad9c76cec4954c167709e,25,NO CONTROLS,NO CONTROLS
1439,fa7cc19d48697734af9d4dd3f935e0fa7b9369c43d906bcbfb51e0830b440088fccd8309244ec968c78aa9b86e53cbedbc63feb42c194de1b74009431cca6225,30,TRAFFIC SIGNAL,FUNCTIONING PROPERLY
1440,45865d4e55a1c6ab429f2fe825046790a9e0c0fb7429ca4e4ad02170737a7b32c47add46f4599ec631cb8ddda7a54e4237c1d113b711e961560d00bfe7be60a9,30,TRAFFIC SIGNAL,FUNCTIONING PROPERLY
1441,095e64010598811c6113b59d60545898a5a361dce3c3573a0e96d3e1463d929aff5f1725b4ac81f208b0d2cc651af6f2aebe78ef891869dba0b0b11ae6c59129,30,UNKNOWN,UNKNOWN
1442,70f446cc6a63e08674bcb0a0e4be5f0698d38f956af389f439dad11d3b75cf35e50e4ea327d9d0fccd220ad191c5a3e0057932e677cc2cef25cae6a97b47bbfb,30,NO CONTROLS,NO CONTROLS
1443,c5bbe2abfe24491ae42c40914e7f7fc228c2a1c4803ee039c00177679e03360bfaf2a9f3385b8701212d5ea6d807ad7f93f19dad8b624ed07ad460a1b99578d3,30,NO CONTROLS,NO CONTROLS
1444,f9f4f1ec3d0fc8cadb983c4ace0ca351e8e778bddfa554f3e951050bb31f026b24309bd7e386d5b881a5f40f8c28430bc73ac5b1657aa380b811695288c5e4a5,30,UNKNOWN,UNKNOWN
1445,093f5d6e55fbf088b3414786b03a1d18335c09c5db8891580dc5dcb04fa08f7e25e453ec10861ee52f608362012908613dc16f0fee1dc8c6a85fdd39d3422e21,30,NO CONTROLS,NO CONTROLS
1446,e7dd022f0990e9076c6740e228e45dfa4a6c1da1adcbb5dd7fb886a3f066e29b3f022719693096dce4b7fb3870e934af8d2395202bc2f97f63c520ecd771bee0,30,TRAFFIC SIGNAL,FUNCTIONING PROPERLY
1447,bdd4641e9e03f5eff2843d2ac9c7830a18a5e85255d39a6d8c642310cac2c481e2eaaaa0fc7d62101f65ceb0d9218fe75f6745154c8db856d12abea47c483725,45,NO CONTROLS,NO CONTROLS
1448,caec2d1159a93dbde17a4104c4075ac694a6b688998586967691621e6ffe9e12f93471826a96c01d6c5ddc83cb5b2fe3cd8a5db1da2131c5e7d98725bf7a9eac,45,NO CONTROLS,NO CONTROLS
1449,3517499de74a73fd693fd7c54d84a3a77eb34b7962b82a230e8d5ec214ba906b1ecb36d09b2ed5ffb7b536ced37b2a0e6487c2beab29a235ef18efc196c6dd77,30,TRAFFIC SIGNAL,FUNCTIONING PROPERLY
1450,2b083f1a3ab03ffbe9d44ca433fbf0cae59defc8de12d717be312c7ad28fec21103bbdb295d7fa2d30bc03c8a13dbea72f43013e467efe404ab6315aabacdcb5,30,NO CONTROLS,NO CONTROLS
1451,21201f67f64659465fe37416764ed994d7d7f419e1b7f8ecc6d061445029bdc46ba7efd876ca4b09f9b9fbe7fe0136af1f9cf0db62fd895ac66de8baf9e27a5e,30,TRAFFIC SIGNAL,UNKNOWN
1452,6117762330acb0f991e492cc6e99703db3a159f01a5d4a4014596f0cd4a60e598203bdb06e2cf9d56178f3ec1a9dd0295be4987a36d4f66aec34603a89d2277d,30,TRAFFIC SIGNAL,FUNCTIONING PROPERLY
1453,4ac35ed486348f77304513a0276c7d6bcfef865f1a57a4ac1cdb7f27c0e73aefe2407eac41522d49b5255c028ad9c7282794c92e48b313f0ffb3aa88abaca07c,30,TRAFFIC SIGNAL,FUNCTIONING PROPERLY
1454,57073d928b81695b4b9add2fb5ae0e6febbf9493dbcdffc845df4841612cb7a076887a3bf4d23dfadf5a67bb17f892af67f488843be1a3357a5d2b9b73b306bd,30,NO CONTROLS,NO CONTROLS
1455,c52d461f572117ea8e09f00bf20316251de980c8fccaf0153641dbd13c2fcb2f3640522f03be6e26805dcb19c988f581f88b10ddebbebd60799774f0a5a63b48,20,NO CONTROLS,NO CONTROLS
1456,f338e15e31917af60dba32a0b23cdddcd6a2d4d60cb0e1cad10dbc0dadd144b4baf38d2df1a9eebe6e387af5c31741fcb7bafb1ddf83b0640c11d1f4eed46c0b,25,NO CONTROLS,NO CONTROLS
1457,e8e5b0e6497c5f486d0cbb00bb4fc91c8a75abbba405142b0d504db142c64f161bc832c344e70db579ddb8e641467cf387df0b9a655a5d92dfeb7863471fae47,30,TRAFFIC SIGNAL,FUNCTIONING PROPERLY
1458,6675c754965822a2664aa3b3a080f561585c05c26efdd95bbf1f1ee02fca78b0627264acb3592f9e50cc1f7a0f13f107f85e074a4b57dc3c7f49c1e89db2c79e,30,TRAFFIC SIGNAL,FUNCTIONING PROPERLY
1459,ff2bf73ca7e26419c319e6d53d254d30785dff61b6cca7d301e1fdeff7154f3355e70e4d31a7bed7d5683ff8c148be0afd6c7938ffa7ada7316e5b57605f6921,30,NO CONTROLS,NO CONTROLS
1460,4946d0ce1d7277996d28d445533693ec850d763db3e947f06c6de0dd559f7f72257c955353cb55270a1f9fbffdecfb3a6234eaa3080956079385fb6f2f851f85,30,NO CONTROLS,NO CONTROLS
1461,4f8dea91d01deb92866ef29d58167860c233878bfa44c0eeb6879da354109b7e5af1586e988a57456b75e7116b83a85203ec9d012027c49b03946d94368b7c78,30,NO CONTROLS,NO CONTROLS
1462,ba94c56dc1090bbcfbac723eb58ac30407200005eca95e4a205c12833830da5f6451426eb898e0cb02296fcf50c37af57cb508def10f870bea0f944d47bd2c6a,30,NO CONTROLS,NO CONTROLS
1463,a1a10a8358290f02d41b2579d895c453a9233150e5a72731336cbb1fb4ec229d33d8967cc6a5b94eb7f87cb007463e59cd1e7f21b880cc89014a952ad0343e54,35,TRAFFIC SIGNAL,FUNCTIONING PROPERLY
1464,77eb187bebec5d0e528d9db55ca65d6e4234712ed1fd43a066c4a3a6e530f14868f904ac28fd4eb82d4e6019c42bb6ac895a4207c02b6358b7826c99bcd71f60,30,TRAFFIC SIGNAL,FUNCTIONING PROPERLY
1465,cc8ed2da965b5f303dd93210c7aa61c7c49fed95ff03403815ee7f9cb31654ab2416537d501fbcdd184a67f7305b4752634cb6e5471ce28a4cdedb04990287ab,30,NO CONTROLS,NO CONTROLS
1466,8d755cdec861f3bbf208d1fca4c7e2957ad445d57927886f013abbf2c355b335ed7354e6c5bc6e4f803cd9dfdfb90b62073a60cade6b58e2f95a713e897fae3c,30,NO CONTROLS,NO CONTROLS
1467,a8ef0971def0c50c2706acb511729b8c76897a928e6ef5270c95f4db5bd040f10d4f4de0563baa4ae4591d2f9333aec136630d5e66a011cdb749d0233f67f75d,30,TRAFFIC SIGNAL,FUNCTIONING PROPERLY
1468,9e2c41c1edea854f02e90433e222f4aef49d86e7554fd482f2d0876c72241ae3bbdee4bee2615695fcf3b5273eeaa216cf3964fc8633977fc95d202f6e062031,25,UNKNOWN,UNKNOWN
1469,dc06b194451ba5e7bbe22db7f56a7e31164b290b680e94074264046f7d69558af0cceb92869d84ba01523bfc545d5429dc1910e64542c092ca8f58dde65aa985,30,NO CONTROLS,NO CONTROLS
1470,f3a3d061f85a1c5e706bfc21352b646f866ee38c9b51222c5d8af4b2605e10db052b126e110a89d1c4bb1bda58fa0a00d0dc1cbbb15949e073369081ebe726c2,30,TRAFFIC SIGNAL,FUNCTIONING PROPERLY
1471,f2a5a5d934faead969fefd7efe6f904b955c60b5773295605f8514a92f916012f2b8d6cb35086a3f0e7f3efb1e508ce6a44350c990dc89c14d8ec144b3738985,30,NO CONTROLS,NO CONTROLS
1472,c5d97fa1c35af028f9293b8222b713ca37312737c245d3fea6e22b1666a7b68379c987004133a3c8dbef03ffe68908d56a345b09357fe5aabd238cce8b916063,40,NO CONTROLS,NO CONTROLS
1473,17cbbaf6ca9dafba10cad51bc0c7bfd8d33663c103e56e08a2fdbe4e3b922f1b1dc9b3ec26a0f48e8a869dc00c26010c6a0af0d2b21ce81c0728c802bb0f4538,30,NO CONTROLS,NO CONTROLS
1474,1078de233e10db69854a6bdea72c4434cf4e0a8dd59644cc09417e0c3b9f51047187763eff357e7ccb1c9fac97adc1f5ab29e947af6e0240088a89741d4169d0,10,NO CONTROLS,NO CONTROLS
1475,b3cc696618d15a86ef561e05807b80d1fc3e3c58a8d0d508ec6d6e425c837c18d2334969bd9e4ced0b8952752b9b340d86e763a93a019457cae550c7d2984cbe,25,NO CONTROLS,NO CONTROLS
1476,fe4dccdb050e2aa247e4fead31e55671eb245646f2443bb8b92159637256068e58fec8ec4f9a5fdabd3e435d8a2a4cfda72cd15c2be5461281117c3df6bd8566,30,NO CONTROLS,NO CONTROLS
1477,0b4a3045a69609230c431760a32413fcb7e4653e525352c4fcd8ca745d0a67addc44b4756eddeff9d28131e01d7cc390f479bbed840b5296011db5f6d1ac1405,30,TRAFFIC SIGNAL,FUNCTIONING PROPERLY
1478,f75a250c7ab3bf29503adec520b56acf2c618b02341d71898a883e574535f1d0565b045cd8e99c8da466d5f144f197e7e0daade41e4ad23caa49364cd428136a,30,NO CONTROLS,NO CONTROLS
1479,e28831ca3249eaaf501cbcf41533e952e4e81364f630b148582df8ae2030d473841dfd1b978b96152b31f2307035829d8722028df33041c42137421a79093b95,30,STOP SIGN/FLASHER,UNKNOWN
1480,91db5288b56cc75175a7c9320b6d85aab39c38ce919da5d03d62466bbe612d67b604e20e04fa4668235be61f8e1f19bfa4c89696fee61496dd5188e06f25f9de,35,TRAFFIC SIGNAL,FUNCTIONING PROPERLY
1481,1350127a4bea8416950bf0b9811d8e0af51ad9d033b1b7fb53be082938aaa1721ba7179c665d847c1e081ba3084d3c26d4f0f57fc12417963e0442f0a331d809,30,NO CONTROLS,NO CONTROLS
1482,f255a4f40ea146c0ccd5c04596b6fe61808ec3e2d49810560c523dac1afbdfa20539e09f6a0e5ea734e51d7854c947e6aace7697efcb0970a9d39057c824d9f6,30,TRAFFIC SIGNAL,FUNCTIONING PROPERLY
1483,0c96e86cce38b5420179252d054a64e833890b1e375f807cd81e5d9fca497475d8f3acc449bca4ecfe1e423bb89a14df37756339d8a3972d7d2febccccf40db5,30,NO CONTROLS,NO CONTROLS
1484,07626f6d0de125d6c0d11de5a03b2243c833ad79be3ace1d2a499b543a67f4bf22729ebdb7479e086f0876424ac606afef5604bb617c5f8e8e036753ab6aa426,25,TRAFFIC SIGNAL,FUNCTIONING PROPERLY
1485,1dda74030ea6deeeee90a01906e274a14469676d47fc89b23de0cbe3ece41722b5b5483f94787d632ad5ff3f47b0c004610f8a0402c8912b92eb86970cf35b7c,25,NO CONTROLS,NO CONTROLS
1486,006c94ca4f6802638d48acd05c1b042ea4fc801532bfb279b96cd62713704a40213ce4c481e948d7abf3a77aa399ad9015d3b1ee49ce4b8703223cfe9a9df0ff,30,NO CONTROLS,NO CONTROLS
1487,6604d363c4c05f5bc8980fe3b63e7fb5457546ef525454fd0d56e7ec90607606c23c24572081d35b89dd8b79bb8fb86249c2134160fca9dae255d1cb7208ad15,30,NO CONTROLS,NO CONTROLS
1488,8c610ced00e3f96fe2e1806540e163e106ea6912d8d76d38f8e15a0dc03716c9a5a08b0d397c102fb058c13d7ca0b45d7f1e45103382ef642013ebb279ac1435,30,TRAFFIC SIGNAL,FUNCTIONING PROPERLY
1489,f54229beae26ee1e6b2d6d1558afe610145e975573cc018e93cdb89eedab62066c41d3b640c8dd8d20c4c46e491963e9362ae39c27194c73b890070ac94f1b2f,30,NO CONTROLS,NO CONTROLS
1490,497c38ac309b0fbded0521f9c4087834b6e873d29c3bb18e08691547d64b92ec5c643d5c238cc211eaafea4d093cc8f6fb9225123cdafd80e76e67cac6e02dec,30,NO CONTROLS,NO CONTROLS
1491,8f1cc5686e7841095a57e69dc7c09a4eec7960cc0b924e3ef4079205d2eb13cb90060134f2d73010c9116117606fdcf76e3728476ac8e1107e77a374425e5861,30,TRAFFIC SIGNAL,NO CONTROLS
1492,4a7ddf94e4459c4498db21f5e658f2af8cd9d77c2f24fa75c3b164267147d5448c00c3f74aee57e70ee8a28a7e26afe4909c618a8cd2573d391b406016d22bb2,30,STOP SIGN/FLASHER,FUNCTIONING PROPERLY
1493,8f029e2b48725c8925f981c9b2216f3b980ebe3cec524706dfa77c7ac809c2c9d1d63d873c263d015fc450648b04ccd3c480796bd05ae81a99885bf9edb725d0,30,NO CONTROLS,NO CONTROLS
1494,0161b5092fe732f97d314259dca8837a6b16239567c0178054f7084a94bf96417f012afdd8a61839a3a8b42a0c12c8ae18edac273329767d89e59b269f135403,30,UNKNOWN,UNKNOWN
1495,ad2a858af6bda0494e8e038b9f4a5191fbfc17823b259dfa504a3eb68ef7a3cd9db48b365e29d7fbae715e66b8d2ec1e22336b617d63aa951e69d46fbb03ac4f,30,NO CONTROLS,NO CONTROLS
1496,0d78b62de03eca9ada63dd2b29ba21331ca70250efd2b8ea633a9ffaa2b7c692847ffaaae8bb4f8b9699313c56aafc2296849af03abc221a26a0bc0bb6d71f8a,30,TRAFFIC SIGNAL,FUNCTIONING PROPERLY
1497,5a14de91682b3a332b3393439e011ebe1f8aefcb5ee5d4e955093252f10419e6698ab352ae5c219fe7c358b80353958bc169355b2be67e2ac7f0021815b7544b,30,NO CONTROLS,NO CONTROLS
1498,1b020d723d477d9c3861d3e6ac69d4c88e0a149c2313729961d176464c7098d7afc21547d459aa64a6d6a1ad621aba75055d9299be508a86c797ed6a4de5c071,30,NO CONTROLS,NO CONTROLS
1499,085d29f1033466524847c130f915c5bf67bd69d520a04cc55ab92200ae1e8233f21d314eda4c1f5132f5f2c5be611e76b36447ae696df6ac90de5995151818cf,30,TRAFFIC SIGNAL,FUNCTIONING PROPERLY
1500,b62a3ab363c6b0946b0f5864eeb7579dc2496ec3463dc29806ed993148d79cd749b17814a041d8829d4d54514dd7f2354c85955eed203409fa6933461812210e,30,NO CONTROLS,NO CONTROLS
